396
6.8
5.68
5.89
6.5
6.08
6.34
6.05
7.62
6.31
5.64
5.82
6.13
6.8
6.44
5.97
5.64
6.34
5.87
6.01
6.26
6.01
6.24
5.71
5.8
5.79
6.46
6.4
6.5
6.07
6.35
6.4
5.94
6.51
6.95
5.83
6.68
6.47
6.15
7.13
6.5
6.84
6.25
6.47
6.37
6.03
5.84
6.35
6.33
5.96
6.34
6.3
6.25
5.81
6.66
6.58
6.81
6.81
6.35
5.98
7.01
7.51
6.66
5.88
6.83
7.24
6.33
6.64
6.48
7.21
6.28
6.72
6.45
6.1
6.29
6.79
6.21
6.96
6.65
6.35
6.03
6.93
6.81
6.72
6.03
6.13
6.71
6.7
6.18
6.28
6.03
6.6
6.53
6.43
5.93
6.2
6.93
6.35
5.83
6.39
6.18
6.02
6.64
6.7
6.99
6.48
6.99
7.07
6.16
7.35
6.21
6.34
6.01
6.98
5.99
7.47
6.48
6.84
6.53
6.45
6.54
8.3
7.21
6.22
6.3
7
6.34
6.55
6.67
6.35
7.46
6.99
6.28
6.8
6.8
6.65
6.11
6.63
6.1
6.82
7.01
8.08
6.87
6.56
6.84
6.68
6.58
6.7
6.22
5.99
6.37
6.63
7.67
6.41
8.71
6.5
6.4
7.98
6.77
6.19
6.88
7.79
7.67
6.98
7.38
7.23
6.06
7.42
6.67
7.17
7.9
7.14
6.48
7.07
6.57
7.1
6.8
6.79
6.91
6.71
8.04
7.47
8.09
7.59
7.86
6.67
5.74
7.02
6.87
6.35
6.69
6.2
6.34
6.38
6.02
6.16
6.43
6.05
6.12
7.19
6.5
6.05
7.71
6.24
6.3
6.78
5.94
6.31
7.05
7.96
7.7
6.33
6.92
6.63
6.37
6.68
6.51
6.84
6.81
6.09
6.39
6.77
7.2
6.76
6.08
7.37
6.43
6.62
7.39
7.95
6.14
6.52
6.04
7.05
5.94
6.61
5.96
6.57
6.39
6.68
5.94
7.74
6.25
7.16
7.95
5.86
6.95
7.81
6.94
6.56
6.97
6.82
6.05
5.93
7.44
6.09
7.6
6.48
7.33
8
7.32
8.01
6.67
7.67
6.66
5.77
6.13
6.97
6.08
7.62
7.96
6
6.26
6.33
6.09
6.4
6.92
5.78
6.28
5.75
6.59
6.39
6.19
6.23
6.05
6.66
5.61
6.7
5.94
6.07
7.29
6.46
6.07
5.79
6.63
6.5
6.13
6.14
7.13
6.49
7.12
7.1
7.17
6.76
6.29
6.07
6.13
6.03
6.61
6.65
6.24
6.29
6.15
6.06
6.74
6.32
6.94
7.06
6.57
5.86
6.6
6.96
6.55
5.98
6.18
6.61
6.86
6.14
6.09
6.28
6.06
6.17
6.06
6.33
6.93
6.15
6.17
6.01
5.89
6.86
6.79
6.09
6.54
6.39
6.12
5.86
6.79
5.93
6.7
6.34
6.76
6.85
6.18
6.25
6.85
5.97
6.58
6.52
6.33
7.02
6.79
7.06
6.41
6.28
6.38
6.29
6.3
5.89
6.8
5.71
7
6.86
7.12
6.38
7.26
6.33
6.34
6.77
6.51
6.5
6
5.95
6.38
6
6.36
6.08
5.83
5.93
5.78
6.25
7.04
6.22
6.46
6.73
6.12
5.89
6.25
