963
961
994
976
999
1012
1013
1000
986
988
1015
908
1008
980
975
957
1045
1001
1026
1008
1008
997
1027
979
1011
944
1006
1020
1001
1031
960
1022
1060
1032
974
993
1001
983
1022
957
984
1005
1021
1010
940
955
1013
937
1033
1022
1018
1019
1001
1006
992
1001
1012
987
978
1027
1006
1013
1026
1024
987
987
989
980
1016
1055
1031
1008
996
1035
1071
965
983
975
1008
997
1020
1000
1007
1077
994
974
1004
987
1017
1017
1041
1002
1035
1056
1004
952
1004
1005
1014
941
964
968
968
1025
959
1013
986
961
1012
1057
976
974
993
1032
1015
981
998
958
964
972
958
1023
1028
1056
1021
1028
945
970
1046
1028
958
1024
990
1043
984
1036
995
1047
1098
993
1008
966
1063
988
1037
959
1027
967
965
1026
1005
1029
1031
1028
949
985
1014
1010
1007
966
995
944
994
987
1024
1006
998
1043
947
978
991
958
1033
966
1068
1007
967
1079
1046
1012
937
969
981
1045
1033
1045
1019
1000
990
995
932
979
969
972
982
1012
1026
986
1032
1010
965
1008
1019
1045
996
1017
986
1072
1019
1001
1006
1024
1005
983
1017
976
1027
956
996
995
966
1037
1014
998
974
1014
965
994
998
1003
981
938
1000
966
997
984
974
961
984
988
964
1045
1018
993
1028
1028
1039
989
986
999
1047
993
1047
984
991
1045
941
1050
1009
998
1066
1018
1011
982
1022
1041
993
1074
1003
1055
1028
955
1001
1034
966
988
1003
999
975
1005
968
1075
1002
958
1041
1028
987
1002
1020
1022
1037
1023
973
994
1034
1039
1005
1079
963
991
917
977
960
967
1004
990
969
1000
971
1005
1020
1029
1020
941
1023
986
1075
973
996
1005
1024
968
983
1031
961
996
1034
1014
1040
1017
1004
923
989
1035
1031
1058
973
965
1007
1031
947
944
995
1007
1043
995
986
1010
1014
933
1024
1022
1031
994
987
995
982
972
985
969
992
975
1002
919
1001
990
994
936
987
1037
1012
1030
1009
956
969
1034
972
1023
981
1026
982
983
991
977
1018
997
987
965
953
1007
960
1003
985
992
992
992
956
982
992
1009
1025
1040
964
1012
985
997
979
1019
993
955
997
960
940
1004
1043
1085
959
974
1043
1052
955
944
1016
1068
1034
1027
1017
977
993
996
1002
987
1001
990
1011
1010
1025
982
1020
1035
935
957
945
972
1037
1025
1019
966
975
1059
1010
994
1017
933
1027
1043
992
1035
945
984
971
977
1037
1103
947
1040
996
1003
986
1019
1015
1010
1020
949
1029
1042
987
993
974
1008
984
1025
1024
998
976
1017
994
940
995
980
1001
987
1056
1032
1011
1005
1002
982
1036
1003
1009
951
968
929
1014
1003
973
996
1011
987
961
1020
992
994
1005
1015
997
1048
1022
991
988
1009
1001
945
1002
1044
995
1003
1028
1023
1034
1022
1032
1026
991
1043
942
984
938
975
1000
966
1082
989
1009
987
981
1000
947
978
1022
1051
994
949
1017
1022
1047
1002
971
1007
934
1001
1029
1038
951
969
1004
1038
1016
961
993
1006
1039
985
993
1007
986
1042
991
1012
1007
1034
987
934
1091
1009
1016
1026
996
1031
932
1019
1006
998
992
936
1030
1007
1000
995
1021
1028
1031
1028
1012
973
1013
964
1012
1053
1008
1014
1015
1020
966
1018
976
1021
950
993
965
983
973
1005
1018
1005
995
951
981
1057
950
995
1059
1010
982
988
972
986
1021
997
1076
1003
988
1001
981
1029
1048
1020
952
1005
994
1034
1011
959
965
1040
967
957
1004
1038
991
1034
1057
1005
963
967
978
945
993
1079
1000
945
995
988
1000
982
1038
1018
969
1031
977
985
991
981
986
992
1015
991
1049
1048
1016
1017
973
1026
1013
1019
981
1055
986
999
975
961
1022
940
970
1009
1021
1013
1012
1019
960
1012
1036
1004
1004
992
1039
997
1008
1002
1000
994
984
995
971
997
1079
966
989
1004
1028
994
1018
1032
979
1043
978
1006
969
1023
1010
1022
1050
972
982
1016
945
983
963
1063
1033
994
1024
983
1023
1014
960
1041
989
973
1019
1014
1020
976
1014
1018
1006
994
1057
982
933
1030
987
994
1013
992
978
944
979
999
1017
976
976
1100
1012
998
1023
934
1018
1019
971
1033
951
978
955
993
1041
1066
1028
1017
1001
953
1003
1037
987
979
1034
994
972
1053
1039
1034
1036
1001
1013
1016
987
986
973
1035
1012
926
989
1006
995
1024
966
1000
1016
1040
996
954
989
986
952
1047
1040
957
966
1065
1002
1053
971
971
1018
1042
1004
1044
948
1006
1002
987
1007
1050
944
1025
1004
1009
1032
1019
1014
987
969
1010
1001
1000
995
969
1031
1032
1013
1003
1010
974
951
1011
1023
1055
1035
959
1017
971
920
973
978
1025
977
1006
1010
1015
992
965
1012
1047
988
1013
1002
1033
932
992
1045
1002
970
987
1017
990
979
991
993
990
935
1030
1015
992
950
936
973
998
996
1027
965
949
1075
1045
988
946
920
998
940
1046
1044
983
1059
1006
993
997
1015
1033
1043
1007
959
1026
973
996
1034
977
1022
1020
1016
970
1066
975
971
978
980
965
951
1019
1010
1010
1006
991
981
973
982
1012
1007
985
1025
1015
1074
1020
1066
970
999
1020
993
1000
1037
946
981
1007
1003
996
1046
1020
994
970
995
953
1003
1099
1004
998
991
1053
981
1009
1016
1029
1053
984
983
1012
1028
1013
994
1002
969
898
966
989
1004
1014
989
1072
991
1016
1035
996
996
982
976
1013
1053
1007
961
1048
1067
1009
949
1032
993
1036
977
1046
981
1021
1020
986
992
1005
1049
1047
981
1007
975
1019
967
1022
988
1003
1032
1026
1017
1003
979
1042
1014
1041
1018
1039
1036
1030
999
960
982
1035
1025
971
1046
973
976
975
995
1028
1019
972
1019
989
1013
990
973
1055
965
1047
966
982
1008
1000
990
898
1064
1024
997
1050
1015
1024
1018
938
998
1060
1019
1007
1024
1029
1000
995
1013
1004
988
1005
994
992
983
987
984
958
974
1020
1020
1031
977
950
1010
966
1007
1030
1015
1042
1041
986
966
1000
1021
1026
1008
1001
1016
1034
1025
1007
1010
1005
982
1058
1028
963
982
979
1031
969
945
1051
995
966
1039
947
990
1039
1009
1070
947
967
1002
1006
989
979
1011
1017
1040
994
973
963
953
995
1016
1013
1046
992
1033
957
1014
1040
994
906
966
963
983
1025
972
992
993
951
1002
983
960
1011
1006
1034
1056
1025
970
976
1011
966
983
1020
1000
983
984
1028
999
977
1031
1018
941
993
997
1026
1048
996
1045
1057
1030
1028
1014
998
1017
1030
1013
1045
1012
1018
970
1008
966
969
1061
998
1038
1017
1014
961
928
1024
1003
962
1001
981
973
946
925
1003
958
944
988
982
970
1039
1009
999
1028
977
986
1029
989
969
951
979
1006
1049
1023
1043
1001
986
996
972
1014
1001
1054
956
958
977
1012
1026
1043
1044
1059
997
1012
978
1043
1026
980
1006
961
983
991
1046
951
966
985
974
1005
968
979
1024
1020
993
1023
1052
1024
974
1027
996
995
943
1001
998
984
1014
996
1024
957
1049
986
1059
971
1018
1023
972
960
959
1002
1004
921
1018
1023
1025
996
1021
1043
1013
1032
1021
1026
962
951
940
986
1065
997
1010
1017
1020
972
989
1026
997
1005
1000
1019
1036
1043
1014
1024
1037
1032
968
1021
1014
982
1023
1024
980
992
1008
1021
982
961
1016
1036
1022
995
1003
1046
878
1037
934
931
968
967
1015
952
1064
997
1017
1033
989
1026
1008
1028
999
997
997
1003
993
957
1025
984
967
1008
1003
1056
980
994
954
998
1068
982
985
937
949
1049
956
987
1007
1050
1012
1124
987
986
1015
1009
979
940
1002
1003
964
1041
984
1019
1065
1010
998
1000
1001
1023
1021
980
999
1025
990
1026
1033
1035
996
981
993
1026
993
981
1015
959
1002
1024
998
1012
1042
1033
1027
1025
981
970
986
990
930
980
961
1000
1028
999
997
994
1113
1028
1051
1080
1004
1050
1028
971
1003
972
979
970
1020
972
1053
973
1017
1007
1030
964
983
957
960
1009
1034
935
982
985
1046
1043
1026
1026
980
971
989
975
993
971
947
988
956
997
1043
986
970
1037
1015
1012
979
1040
976
1015
1013
987
999
1028
1010
1036
1024
969
986
999
969
994
1041
1004
1028
1016
1018
974
1012
1000
981
1027
986
1000
1012
1045
1054
1011
1045
1066
999
1007
1033
987
969
959
1006
1011
981
973
1028
1034
1104
1000
974
977
982
1018
984
1040
1008
1057
1026
1011
1012
1043
1028
969
979
984
1021
1043
989
