1002
973
983
1008
968
1043
1007
1068
987
998
998
1057
993
1023
978
1068
980
1031
987
990
1022
1028
1025
956
997
978
972
1019
995
958
1005
1017
981
1014
984
990
934
1025
1002
1027
948
975
1023
1030
1002
978
951
1001
980
982
1025
1030
960
983
944
994
1022
998
975
1008
1043
1027
980
1005
1043
948
1012
1037
1008
983
1029
1010
1020
1013
1021
1023
1055
927
990
1023
1013
992
1002
1030
988
1008
1009
981
969
1030
944
999
998
1014
1033
1021
1054
999
957
972
990
1038
973
997
1016
990
1012
969
1003
1025
945
958
952
993
968
955
1000
1014
1040
1003
994
984
1045
949
1010
1033
1024
968
976
1022
1018
961
1010
982
959
1007
1023
1000
944
1011
956
939
1085
1006
1063
989
972
998
951
952
1032
1005
1007
982
1025
924
1049
1002
1027
1026
941
1021
947
951
996
1049
1057
992
988
1072
1014
1030
985
1037
1005
1031
1004
1007
1018
957
1019
972
982
1028
959
1016
997
975
961
968
1010
1004
1095
1042
995
976
985
959
999
1007
1033
998
1021
984
1001
1004
1000
950
1018
1039
1025
995
1018
1026
1042
997
999
988
969
1019
1034
991
1088
1037
976
1036
1049
928
1012
995
1042
1028
1010
945
1027
1044
1015
981
975
1012
1001
972
993
970
990
1029
940
988
985
958
980
1049
1029
989
930
996
989
1024
1030
997
1027
1043
962
991
1008
934
1023
1005
974
1010
1037
957
998
950
1030
1047
935
1004
1015
1011
986
1014
1001
1013
995
1041
1042
1018
942
985
979
1040
1024
1087
1006
1029
969
1045
965
958
1018
988
1007
1001
1016
992
1011
958
1041
998
1007
1038
1013
995
1039
1041
1010
1072
1029
984
1004
985
985
1042
1033
1018
1046
953
977
1005
1004
1033
989
1012
1016
980
1048
912
998
993
1024
1028
1067
1025
943
1016
1056
980
1028
973
929
979
1065
959
987
1070
963
955
936
935
1047
1057
1070
1019
989
994
1014
1020
1029
965
981
1005
960
960
1080
1006
1037
989
972
995
969
1008
970
998
1000
989
1015
981
985
1026
959
1016
965
923
996
988
1010
1042
991
979
939
985
995
988
986
1038
1030
1008
963
974
1086
987
1020
992
947
1053
1026
990
964
1040
992
997
1017
1082
995
1015
1042
1009
1024
1015
1010
1020
1021
975
996
1005
980
1082
1038
1010
1051
1012
983
1030
971
1038
1015
1002
1039
1007
984
991
966
1057
998
1051
1001
955
999
957
976
981
980
994
1034
999
1052
940
988
972
986
1024
1045
994
1027
1031
984
1035
1016
1037
1044
970
1008
975
1035
1054
1079
1006
937
1014
948
979
972
975
1023
958
1014
976
1005
1052
993
1014
992
1079
977
933
1014
947
1023
987
1013
997
951
1007
975
1045
1010
971
999
947
964
1044
1022
976
1015
1067
1005
989
1027
953
1035
1026
1006
977
984
926
983
994
992
981
991
1023
999
1072
962
1004
993
1002
986
1003
978
1000
989
1030
1006
971
997
1112
1047
998
968
1014
998
960
970
980
1034
1021
1036
1019
987
1015
990
966
982
990
1029
999
1025
972
1047
960
999
1009
1010
992
1000
982
1010
1024
1004
1003
979
970
992
999
986
1052
1004
1020
982
982
1041
1010
1007
979
985
1038
983
972
952
996
1024
995
998
1026
953
1023
1033
1032
972
994
1012
957
1050
1003
949
1054
951
1012
1013
999
990
985
1006
1034
972
1030
1049
1000
960
935
1033
1004
973
1070
991
970
924
969
1036
963
1012
1004
1062
1005
1017
963
1017
969
1068
967
990
997
1025
978
986
1023
984
984
947
1015
1001
989
956
946
976
1034
1032
1039
997
1020
992
1008
975
972
976
998
970
963
969
988
1005
988
1007
995
1019
993
1003
996
1009
999
1034
959
1016
923
1011
1025
1005
1031
1017
959
1044
995
1032
972
944
956
1008
995
984
985
940
1028
1032
951
1007
979
987
1003
981
1011
976
941
982
953
999
1013
970
956
1038
953
964
994
1017
986
981
995
964
1024
990
1018
1044
961
1046
1009
961
1018
998
1011
1037
913
973
981
1025
1001
978
1038
945
987
1003
1012
962
974
1027
1009
969
941
973
1011
932
996
982
985
1048
978
1002
942
981
1039
997
1050
974
1022
994
978
993
940
975
952
994
1025
987
982
1047
991
1028
1000
1029
1009
969
1029
1025
1045
1014
1005
996
1029
1011
1034
982
948
999
1007
1016
993
1052
960
966
1002
978
962
1022
1023
975
1005
967
999
1035
1004
985
971
1000
979
1018
965
984
994
1008
1028
1025
982
1023
959
1023
970
1006
1042
1004
970
1027
1000
969
1064
1009
1001
962
1004
999
974
965
994
1023
1076
980
978
1050
971
1029
985
1022
968
1000
1060
1062
986
1009
993
999
944
998
985
1011
996
959
1020
1070
971
1039
956
1077
998
1037
949
1056
1007
948
1050
1040
1046
1036
967
954
911
1004
1018
1037
1008
970
964
970
994
980
991
951
974
977
959
1006
1046
1008
1025
1022
970
980
1021
1006
1000
997
1072
1011
1018
990
1020
1014
989
976
958
1036
955
1006
994
975
1006
1042
1003
990
1002
1020
1014
972
1016
1040
1014
968
985
1010
1052
1012
998
1035
1038
1046
1030
1001
971
1036
999
1021
983
1021
1043
967
999
1043
977
1028
1021
974
974
945
987
962
973
1018
967
978
985
1032
974
967
963
939
967
955
962
1002
1000
983
1014
1006
1016
1005
1003
1005
982
1000
991
992
1019
1025
1015
1030
1026
987
1057
1043
1006
984
982
1001
978
1021
989
990
1022
1007
1018
992
1015
944
977
1009
998
1032
977
988
1003
960
996
1017
1047
1042
1000
972
974
999
1079
965
1008
987
989
993
973
990
994
1016
955
953
980
985
1041
1078
1042
982
1051
995
934
992
953
988
994
995
967
1012
1002
992
967
1003
956
1005
1022
988
1060
1008
947
1034
1011
994
962
988
1000
984
949
990
1012
994
996
994
1017
976
1063
981
1007
975
984
1032
1021
1033
1037
1043
988
977
983
1001
990
960
1025
1011
984
1034
1076
956
998
980
990
1004
1009
1005
1024
947
988
967
1036
971
1036
956
1037
1030
1024
1000
1009
961
981
961
1000
973
1001
1047
1054
944
918
1066
1000
1020
1033
1073
983
1055
960
949
1002
1026
1053
998
1029
1054
989
1037
959
1025
1026
965
987
975
1018
984
979
977
1043
1020
991
993
1032
948
1029
989
986
985
1023
