10.0
2.5      
0.0      
3.0      
5.0      
0.0      
1.0      
0.0      
1.0      
1.5      
0.0      
0.0      
5.0      
5.0      
0.0      
5.0      
2.5      
2.0      
7.0      
0.0      
4.0      
0.0      
1.0      
2.0      
0.0      
5.0      
5.0      
2.0      
3.0      
0.0      
10.0
0.0      
0.0      
0.5      
0.5      
1.5      
0.0      
5.5      
2.5      
2.5      
0.0      
0.0      
0.0      
0.5      
5.0      
3.5      
0.0      
0.0      
0.0      
0.0      
1.5      
0.5      
3.0      
1.0      
0.5      
9.0      
1.0      
0.0      
3.0      
2.0      
0.0      
1.0      
3.0      
2.5      
0.0      
0.5      
0.0      
0.0      
0.5      
1.0      
1.5      
0.0      
1.5      
1.0      
0.0      
4.0      
0.5      
0.5      
0.0      
0.5      
3.5      
0.0      
0.0      
1.0      
0.0      
0.5      
0.0      
2.0      
0.0      
2.5      
0.0      
0.0      
0.5      
1.5      
2.0      
3.0      
3.0      
0.0      
0.0      
1.0      
0.5      
0.5      
7.5      
2.0      
0.5      
5.0      
0.5      
1.0      
0.0      
6.0      
1.0      
1.0      
0.5      
0.0      
0.0      
0.0      
0.0      
0.5      
1.5      
0.0      
0.0      
1.0      
2.5 
0.0      
0.5      
0.0 
