500978
501246
498394
500603
501056
501638
498444
500546
499913
500267
501263
500141
501409
500497
499030
498153
499316
498615
502147
499928
498845
499671
499079
500465
499695
499048
499241
501517
500593
500859
498927
498874
501158
501976
499097
501145
499918
501906
500696
498841
499373
498536
500179
499104
499032
498945
498721
501598
498283
500431
498107
499920
498374
499688
501354
498393
501381
501375
499476
501065
498207
499385
498752
500520
499521
499968
498910
498280
500079
499409
499175
498502
499854
498944
501148
499822
499682
499209
498570
501063
500032
498054
499963
499371
499130
500825
499027
499445
499915
499744
499676
498749
498914
499145
498888
500467
501452
497805
499713
501410
500607
501401
499519
499483
499899
499902
498089
499183
501040
500030
501272
499036
501857
501952
499865
499049
499872
500367
499405
498626
498692
500058
499941
501618
499313
499686
501313
501117
501367
500784
498876
501045
498147
500140
499238
499253
499908
500131
501182
499718
500475
500589
500281
500826
498642
500320
499527
498442
499224
498767
498882
497997
499098
502028
499563
499400
499835
499355
501417
500224
500972
500832
499588
498864
500695
500174
498415
501285
500010
499803
499852
499840
499213
498852
499900
500990
498526
502032
499750
499284
499586
501663
501039
502025
498274
501221
499756
499970
499300
499085
501086
501532
499991
498646
500230
500293
499326
500700
500011
500187
499800
500922
499645
501007
499109
498829
500117
499171
500930
500432
498977
499739
499961
501290
500837
499919
501783
501333
501127
500270
499143
500500
500234
499269
498654
501676
498161
499708
498380
498963
500116
501301
498563
498863
501975
499456
501125
500239
499837
498645
499235
501351
498932
501430
499351
499133
498941
501650
501396
500244
500423
499081
499268
499637
498772
500436
498711
500573
499573
501330
500691
499747
500038
498456
499341
499361
500952
500057
502200
501445
499620
498197
499742
500802
499089
498303
500914
500656
501919
499054
498511
498518
498119
501626
501288
499653
498634
498791
498522
500457
498331
498457
501096
500964
501163
498869
502063
501424
499633
501864
498212
500948
498612
501752
499766
498564
499105
498877
501160
500167
501134
498680
499065
501183
499287
499712
501088
501885
498931
499613
501320
500625
498835
500527
498439
501959
501397
499809
499723
501943
501206
498801
500702
501868
498302
499595
500336
500345
499118
499893
500753
501778
502080
498629
498483
500710
500216
501629
498042
501454
501032
499012
498889
500756
500717
498898
500389
501531
498624
500308
499197
499485
499427
500851
499286
501066
499861
498761
499701
500750
500975
500947
501865
499349
499831
499422
498828
498674
499724
500361
501450
500944
500505
500273
501121
499833
501227
501281
498593
499693
500725
499930
498565
501215
501748
499247
499763
499619
500694
500529
499853
499058
500872
498701
500613
498948
501826
500211
499647
499318
501377
499792
499207
499128
499000
499208
498354
498719
499450
500928
498528
498681
498542
501048
498928
499583
501524
500871
501093
500619
499503
499884
501734
501875
502055
498854
499132
500985
499023
499100
498301
501332
501806
501735
501790
500559
500452
499080
501604
499020
501193
500064
499752
499938
501090
501315
500198
500018
501337
497801
501960
500338
498849
499736
501576
499380
499129
499443
501259
498515
501639
501027
500888
498199
501232
500196
500917
499249
501196
501358
501631
500732
499749
498341
498519
499932
500518
499108
498372
500897
500828
501368
501717
502050
499584
501275
501648
500104
500419
499406
501705
499210
499475
498494
501098
498693
498416
501218
498378
500963
499191
501768
501171
499125
499565
500675
498318
501289
499486
499077
499415
499907
499811
500017
498860
499153
500896
501115
500523
498487
498638
500008
498783
498940
500568
501399
500253
500794
500823
501571
498900
501462
498983
500321
498955
501831
500429
501082
499816
501269
500718
500925
499995
499616
498568
500886
498339
499147
500258
501808
500633
498601
498204
501701
498337
499786
498871
501581
500137
499481
498534
498041
500483
497828
499114
499818
498492
499859
501887
498894
501164
499889
501108
499953
501426
498587
498221
499819
499435
500901
499262
500124
500155
499652
500280
499393
500225
501107
499660
499460
499084
498657
499628
500698
499546
501286
500118
501129
500048
499420
499394
501680
498103
500182
500315
498937
501184
501383
501217
500087
501451
500074
501494
499629
499862
499757
500796
498967
501339
499492
501350
500868
498847
497792
500499
498513
497909
501530
498968
500521
499699
501593
501669
499398
501479
500807
499999
500548
498946
499755
498742
500912
499259
500723
500522
499668
498935
499225
500342
500857
500576
499798
500377
497963
501186
499411
500809
501392
500065
498834
499206
499266
499168
499226
499432
500748
501660
501712
499270
500213
501305
498891
498257
501310
499148
498710
500063
501322
498320
501136
500659
500597
498996
500877
501111
498924
500690
500078
498364
500551
499988
500994
499296
501185
501253
501606
501236
499638
498665
499883
499641
500530
500998
499640
501059
498785
498458
499722
499182
498319
500282
498500
498934
501408
501817
499366
498765
499057
498675
501101
501278
498962
501120
500728
499028
501572
500747
501291
498249
498800
498819
501526
499844
500453
499738
500926
500235
498110
498195
499685
500197
500692
501510
501133
498460
500463
498499
498982
500052
499776
501011
500953
499061
498788
499451
501713
501620
500810
500073
499107
500161
500120
500288
498688
498618
501568
501819
500333
499959
499664
499690
497897
500755
502431
499116
498902
498233
500946
499609
501428
498907
500580
498820
500181
500085
500891
497918
500154
501557
500023
499512
502108
499529
499106
499557
498905
500663
499539
500866
499890
499516
499015
499578
500316
500795
500395
498508
500086
500545
499581
498786
499945
498434
498553
497994
499687
499074
498694
501438
499163
501476
500313
498713
499140
500681
501746
501144
499778
499246
501795
500517
499610
500708
501300
501084
501893
498901
499442
499389
497491
500498
498547
500201
498893
500164
499950
500421
500699
498875
500364
499626
501382
500307
498012
500623
499568
500434
499762
499359
499994
499444
498870
500173
500762
500968
499904
500510
499896
498926
499823
500727
501079
500602
499696
502317
499003
501737
498886
500549
498539
498915
500416
500437
500215
499372
500909
499728
500693
498807
499772
501192
498465
501344
500344
500949
498779
500006
499709
498555
500075
499428
499602
498121
500005
500577
500772
500729
500508
501103
499271
499404
499663
501405
500842
501049
500382
499472
501009
499190
500122
502278
500157
500357
499855
500135
502488
500238
499302
499181
500447
500779
500983
499508
501055
500138
498525
498437
498993
500358
500931
500561
499799
498562
499966
500108
499071
499721
498356
501087
501730
501380
498805
501061
501303
498406
498766
499123
498414
500381
499511
499824
499856
498707
501475
499094
500335
501458
499788
499312
498702
500595
501944
499523
499817
500578
501429
499221
499775
499891
501379
499698
498377
500620
501054
499336
498345
498145
499751
499045
500660
499741
500618
501230
498248
498602
499204
500015
501694
499905
498581
500883
499635
500636
498682
499046
501469
498178
501243
499070
500184
500915
499591
500596
500785
500937
499254
500848
501861
498521
501866
500945
498157
500932
498592
498780
500289
499029
498036
499758
498679
498998
500251
498512
500309
500627
498074
499849
499088
501142
499347
501362
501406
501274
499954
500180
498723
499043
499090
498714
499152
499692
500904
499276
501415
499490
499410
500410
500020
500329
498687
500004
499487
500667
501912
501304
498966
498651
499845
499189
498071
501387
501760
498164
499124
500119
501412
501073
499229
499694
499675
501105
499497
499177
499632
500379
498690
499299
500749
498256
498214
500632
500454
498390
499716
498175
499807
497745
501844
499426
501132
500562
500247
498979
500864
498750
501203
499431
500287
499657
499144
499452
501166
501750
500206
499867
501585
500792
498335
500385
498762
498708
499526
498029
498764
499658
502048
498507
502126
499342
498533
498497
498084
497837
500490
499192
501402
499611
500319
500076
500066
498913
500451
499113
500780
500082
499155
499759
501028
499983
499285
500716
501483
499585
499769
499711
501306
499072
499267
497917
499332
500081
500713
498531
499039
499700
499142
500438
501628
498995
498873
500128
500852
498658
498281
499436
501262
501023
498851
498960
502062
500590
500479
500041
498382
497866
498734
500366
501523
501395
498695
500672
501436
498045
498824
499201
498404
500279
500089
499310
499509
500109
501696
500398
498832
499401
499973
500188
501180
499228
499514
501348
499771
501267
499533
501128
499909
501113
500804
501021
498464
498471
500294
500331
500769
499223
500105
499367
499173
499433
499599
500312
501540
498376
500272
499843
501542
501478
502426
499525
501006
500898
500001
501219
500834
501946
499013
499997
501122
502199
501287
501191
500612
499154
501623
500666
500172
498659
501231
500824
501538
498330
498961
500152
500665
500369
500168
499232
500881
499242
498545
501490
499167
499735
500759
501747
500107
499770
500685
498367
499291
500900
497999
501724
498343
498062
499319
501213
499869
499895
500145
499356
498867
499980
499885
498848
500911
498408
501261
500833
499392
500668
501112
501078
502070
500326
500339
499166
498516
501969
498620
498903
499662
498591
498288
500503
499384
500092
500016
499063
501118
501869
500738
501302
499387
500880
499665
499860
499006
499200
500611
500237
498429
501060
501664
501389
499354
501005
498475
499099
499957
498407
499737
500614
499214
499805
499321
500829
500256
500638
501394
500243
500927
498972
499916
498053
501472
500661
499322
499993
500203
499430
498717
500858
499364
499574
498949
501797
501474
500284
500771
498904
500722
498676
501001
499222
499009
499937
499894
500301
499998
498261
500375
499556
501296
500814
501390
501146
500813
500202
501359
500960
500918
500678
499498
500662
499202
501033
499562
499892
498055
499120
499535
498872
501644
498509
498635
501140
501369
500392
498469
498878
501153
499940
498990
501135
501656
500481
500873
501651
501318
498287
500862
500415
501360
500053
501229
498789
501552
498327
500767
501208
500995
499513
498589
498211
500743
501742
499139
501995
502190
499281
499403
499279
499264
500210
501170
500067
500634
501736
501154
499705
498811
500113
499538
501444
501942
501863
499967
500056
499787
501266
501114
501323
498112
498865
498798
499471
498049
499245
501558
499848
498575
498548
499469
501563
498452
500296
498976
500411
499417
498715
501029
501106
498579
500818
501832
500565
501156
498709
499566
498640
500989
499974
500763
501879
499505
499275
498698
498826
500783
499836
501883
501251
499278
498986
499740
499463
501202
500123
500103
498921
499007
500654
498814
498205
500054
499517
501522
500160
501010
498793
501446
502078
498655
499069
500080
500741
502323
500262
499689
498862
501455
498975
501297
501432
499683
500532
500091
501659
501497
500594
499441
500263
498822
502069
500328
499929
499923
500671
498144
501700
501621
499395
501714
500031
497333
501825
498756
498479
499320
499917
498352
500446
499448
498859
499484
502012
501293
501521
501388
499236
501784
500233
500252
498459
500993
500875
500709
501210
500266
500997
501239
500302
501003
500286
499944
499062
500386
500902
497644
501240
498957
498467
498954
498853
498925
499117
501327
499725
499101
499159
500745
500012
500383
501610
499002
500276
501846
501043
501419
501008
499466
498468
497907
498684
499881
499704
500077
497305
500449
499263
498771
501684
499875
498656
499646
499601
501155
500175
500153
500127
498987
500849
499634
498670
500958
499731
499597
500787
501357
501329
502115
499151
500977
498896
498827
499126
500649
499234
500397
500869
498387
498433
500966
498677
498716
500822
501791
498336
498773
498549
500714
501964
501652
499590
498929
502143
500445
501238
499335
500039
498821
500024
500605
498321
502286
498418
500461
501439
499363
500935
501141
499340
498953
501787
498584
498450
501052
498855
501915
500100
500399
501398
499211
501080
499004
499925
498386
501260
499164
499328
500269
498984
499796
501022
498463
499317
498443
501555
500961
501745
500808
500133
499066
498989
500300
500540
500448
499965
501279
500588
498799
500485
498223
499598
501282
499761
498614
500355
499829
498812
501827
498730
498686
499949
499612
500412
500554
499216
502020
499348
499290
498617
500509
500916
501635
498340
500166
500841
500268
501529
499623
500879
501582
499906
499146
499659
499876
499056
500845
501222
500591
499748
500150
501018
498234
500740
499250
499293
499491
501131
497517
500642
499841
497834
501423
501097
500773
500121
498590
499040
500788
500789
500199
500147
499903
499329
499150
500102
498991
500204
498537
499992
500737
499193
500648
501376
499606
500653
500757
499774
501613
501363
500943
499779
498699
498421
501124
500350
499488
499500
499042
498129
500460
499350
501058
500907
499248
500735
498530
500761
500724
499360
499782
500387
499273
499870
498395
501456
500322
501002
499987
498746
500473
499515
500139
499031
498700
498159
501020
498285
498371
501679
499306
500013
501765
499530
499943
500793
501615
500581
501270
499985
498838
501420
500178
500913
501038
498401
499592
498625
498917
499344
498857
500277
498836
501602
498744
500811
499493
499482
500396
500097
499083
499199
501862
499075
501047
499274
498650
500664
499887
501833
499567
498136
498349
500980
500254
500711
499842
497749
500525
498729
500742
500679
498417
499673
498672
499258
501725
499596
497679
499418
498839
500191
501441
499814
499871
502009
500425
500906
500440
499439
501175
500640
500682
498506
501519
500512
501649
499311
498254
501012
501157
499594
501848
498737
498881
498727
501340
499777
497942
499847
500094
499412
501068
499553
500984
499570
499110
500697
499528
498308
500311
498496
499922
499280
500450
501352
498599
501727
499416
501481
501642
498704
500359
500687
501693
500838
499760
499096
499082
499095
499979
501014
499674
498611
498491
500088
498890
498309
501506
498794
501811
499897
499604
498365
502383
501404
499569
501178
500626
498947
499297
502004
499939
501149
498560
499879
498187
500291
500856
498297
500770
499014
501091
499198
501708
500228
501449
499438
501130
501728
498478
500363
498748
500657
498504
500474
501188
498038
498188
501407
499746
499810
498733
498696
501653
502125
499447
501299
501431
500022
498312
501741
500061
499793
499219
499734
498790
498861
499212
498586
499292
500002
501535
499019
498751
500686
498899
500775
497977
498383
498950
500019
500996
499621
500055
501177
499670
499765
499873
497752
500534
500098
499434
500327
501622
500674
500976
501168
500106
499948
500621
501190
498997
500506
498712
501172
498510
500156
500566
497572
500218
500950
501632
499051
498754
499672
498689
500095
500639
500158
501031
501321
499726
499353
499669
498476
498992
497668
501721
500380
500151
500798
499035
498328
499545
499165
500444
500970
500799
499990
501433
501499
499325
501509
499697
500781
499783
502015
500405
500232
500670
501690
500643
499346
500325
498952
500719
501485
500186
499402
499931
501137
498128
499230
500353
500115
500482
499936
498965
499429
498210
498866
499180
500111
499357
500401
500831
501244
499784
499768
501211
500346
501473
501277
498323
498706
501925
498403
499506
499984
501076
501366
499408
502494
501447
501624
501874
500910
499255
501109
499507
499376
501513
498080
497965
498290
501758
498797
500556
498600
501265
501947
498671
500531
500765
499868
501917
501466
500417
501400
498697
500297
497939
499093
499550
501026
501385
500047
500650
500487
501324
499648
499828
500647
500372
501749
499474
498373
499522
499789
500219
501437
500368
499986
500349
498815
500292
498538
501138
500563
500306
501030
499111
499617
500967
498016
500343
501159
501599
500303
498666
501482
500489
500830
498959
498449
501025
499455
498351
499813
499461
500257
500114
499397
502144
500863
500295
499532
498470
499368
502056
498970
499639
499091
501187
499644
500194
500458
499157
499587
500604
499092
498830
499866
499261
501257
500733
500533
501605
501495
499790
498705
499969
499458
499767
500778
500936
500629
498817
501411
499808
499960
499510
498816
500973
502456
499753
499541
500406
498920
501614
499666
499479
501174
501687
499369
500176
499935
500205
498411
498607
500608
499733
500782
500480
500821
499149
498781
500478
499981
498419
500046
500045
500378
500836
500159
500209
501024
501245
500805
500622
499877
498245
500391
501013
498846
500163
500758
498141
500427
499239
500739
501233
501891
499256
500314
501541
501051
500878
498739
500275
499631
500162
498627
501421
501036
501378
500324
501533
498938
499424
499864
501242
499655
498580
500183
499121
499330
498892
499244
500688
501309
498747
500494
499283
497335
500036
500435
498037
498660
500584
501793
501484
502043
499650
500240
500477
500255
499185
498661
500069
499850
499714
499834
501294
499365
500360
499921
499174
500955
499703
498942
497216
502198
501617
499068
500422
498726
501143
498776
499622
500169
497877
500712
498630
499947
499309
498480
498368
501511
498572
500538
501675
499215
498636
501559
499615
501234
499933
500539
501151
500476
501042
499773
500285
501981
498732
499582
499912
500703
498735
500274
499642
501670
499017
502154
498755
501384
500134
499745
500125
500645
500774
499576
498978
499243
501646
499717
500227
502271
501226
499122
500820
500466
500524
500042
501017
500934
498574
501295
498138
498489
500987
501502
501647
500456
499388
499857
501391
501194
499374
499952
501342
499625
499024
499179
499555
500341
501850
499257
501284
500132
500068
500890
498064
501812
501835
501654
500924
499034
500222
500839
497852
500601
500720
499305
500072
498477
500193
497807
499076
499053
499407
500190
500827
500516
498673
501528
501292
498880
501546
499252
497556
501062
500373
500249
500261
501334
498399
498813
499624
501198
499136
500207
499358
499962
500351
498247
500348
498802
499605
500630
501345
498919
497913
498310
498260
499534
502348
499277
498736
500786
501544
500248
500850
500221
498370
498148
499041
499172
499982
499141
499531
500874
498956
501971
499874
500371
501335
500571
499288
499303
501732
501973
500812
499195
499858
498936
498988
500060
498844
500034
497955
499977
499196
501319
500760
500673
498969
499946
499462
501075
501565
498447
501053
499059
500337
500991
499184
501126
499203
501834
499480
501487
501116
499047
500547
499377
499518
498466
500840
501592
501427
500347
499465
501516
498120
501353
498426
499186
499548
500231
501355
501092
497658
500220
501255
501554
500129
498879
500142
497643
499237
498473
501527
498009
500887
500526
499851
498540
499338
501904
500800
500217
498576
500557
499251
500617
499911
501341
498909
501560
500394
501152
499636
502054
501201
499324
501782
499958
500815
499863
499630
498930
499115
500552
498385
499052
501179
500208
499754
499314
498883
498974
498806
500504
500999
500502
500433
498833
499729
501641
500271
501608
501561
499087
500553
499220
500496
501050
501123
501336
500298
499370
498122
499399
499764
499025
500954
501004
498683
500651
498550
500388
500484
500801
497986
500599
499010
500940
498843
498740
499524
500354
499564
498485
500764
500050
498669
499520
502465
500021
501069
501235
500334
498648
498396
499710
500317
500965
500706
498448
501955
500146
500426
499608
500200
499379
501346
499794
501205
500420
500899
500390
497934
498551
502082
501586
500867
500582
501666
499934
500669
500721
498964
498803
500971
498484
501223
500299
499795
499026
501089
499425
500567
500028
499453
500542
500641
500982
499240
499156
498388
501913
500564
500486
499227
498078
499217
500684
500644
499826
500037
499022
500323
500754
500430
498887
498973
498326
498410
498413
500428
498270
498272
500861
501250
500558
497914
500941
501507
498667
499459
499188
499060
499651
498294
498718
501636
501019
500035
500543
498763
499457
500870
499499
499743
500265
500400
500404
499927
499910
500942
501249
498566
500847
498503
501625
499468
499383
500025
499821
498325
498420
499547
499391
501962
499579
500443
502313
499846
498637
499231
500844
501099
501681
501465
501630
499542
498778
501461
500817
500033
499119
498741
500283
499005
499972
500226
499593
498985
500470
501016
498758
500885
499791
499878
501176
501579
498541
501935
499901
501102
500736
499127
501085
501035
500469
498051
499205
499825
500939
498810
499169
500214
501508
501814
500242
500791
498760
500731
499037
499423
500882
501888
499975
502240
498424
499898
500974
501699
498392
498305
501442
500574
501349
498757
501744
498276
499419
498610
500007
498768
500014
500491
501147
499294
501083
501258
498065
498366
499815
500637
498093
499996
498971
500715
500464
499494
501034
498664
502011
499732
499334
500407
501139
498230
498162
500586
500049
499073
500501
501199
501081
499561
498226
500969
500929
498350
498554
501580
498501
498743
499446
500819
498774
498725
498792
500304
498608
499976
500472
497891
500195
500572
500260
498353
499016
499386
499033
500330
501489
501100
499802
498316
499536
498182
501365
499289
499661
500403
500528
498912
498796
501880
498498
499656
500455
498462
501220
501440
501567
498685
499018
500009
498495
500962
499467
500409
499781
498980
501686
499649
500493
501386
499337
501756
500130
500051
500752
500598
498895
500471
500585
499170
501338
499707
498086
499971
499955
500730
501518
498427
501836
500044
500241
500070
498596
500165
498641
499501
500026
501057
498691
498453
499559
498559
499727
499086
500090
498252
500889
498837
499679
498556
499298
500544
501847
501331
499504
501268
500171
500790
499684
499218
499571
500846
499454
500462
500365
500921
501770
498311
498428
501902
500895
500414
500519
501800
498445
499882
499135
500986
501512
501077
499464
499560
499137
500860
501308
500340
500083
499839
500027
499440
498720
498606
500981
499964
501314
499607
501892
501589
500424
499473
498273
501702
498622
499495
498391
498649
500624
499942
501046
500843
501070
501343
500606
500635
500507
500876
499680
500246
498633
501537
501525
499112
499323
500560
498981
501372
500418
498265
499785
501471
500488
500776
497609
501596
498231
498662
501773
498031
498432
501794
500806
499654
501276
498535
502301
500062
500583
500701
499381
501209
501448
499801
500803
501317
501584
501307
500600
500908
499618
499804
500468
501661
501434
501435
499333
500579
498784
501071
501067
498412
499575
498582
501347
498943
502196
500043
500245
499390
501326
498782
500101
501977
499914
497653
498431
498598
498091
500835
500537
501657
499720
501015
501792
501370
500744
501173
501780
501553
500992
500854
501457
500615
500569
500797
500000
498728
499627
499131
498850
500514
500264
499339
498770
498858
500957
500402
497499
498831
501150
499021
500136
499064
499272
499315
500029
499820
501549
500894
498446
501743
501207
499414
498753
500099
498481
498616
498647
499050
498787
501212
498842
499382
500655
499489
500988
500149
500177
500923
500903
500310
499797
499478
500376
500126
501824
500071
501751
500229
501607
499078
500616
498994
501072
499158
500979
501488
499375
498918
499011
500189
501611
498775
498106
499572
502208
499643
501416
501569
498916
498486
501463
499187
501627
498567
500892
501197
499378
498520
499577
499038
499827
498825
500408
498795
499702
500250
499832
501169
500865
499421
499691
501224
502560
500933
499678
499580
500192
499812
498619
501271
498425
500084
499233
501095
500610
501181
501373
501578
498632
498823
500550
500704
500110
500853
501539
499614
498529
498745
499470
500677
498250
498181
501798
499160
498897
500439
501225
501216
500093
500442
501640
501990
499449
499134
500705
500570
499331
500938
501619
501298
498344
500362
499552
500318
501425
500278
498451
501655
497813
501692
501247
500413
498557
501718
501241
498594
498939
500040
500332
500707
501464
500290
501691
499830
501256
498885
501195
501453
500893
500746
501514
500259
500884
499681
499715
499301
501041
501312
500393
499396
501413
498856
499543
498191
498678
499558
500646
501167
498908
498951
498724
499956
498438
498808
499554
500777
501165
500185
500059
497919
499806
498911
498397
501414
500592
501328
501595
500766
498652
501550
500536
500459
499719
501548
499496
498731
500144
501316
500683
502201
500587
501564
500734
497873
500631
500751
498906
499880
501254
500855
499304
498179
499176
500905
499502
498561
501204
498809
499001
498868
500919
500096
499194
498588
500959
498435
499044
501074
499886
498142
498653
498577
499103
500920
500495
500658
500689
499924
499730
500951
499589
498922
498769
499352
498668
497991
500680
500956
499161
500535
498544
501897
499282
498958
499260
501064
501556
501000
500143
499603
499413
502133
500305
501364
500170
499540
500541
500492
500356
501371
499102
501543
501422
499477
500511
499437
499308
498517
499706
498933
501609
500609
498597
499551
501551
499600
500236
500352
498279
498295
499544
501044
499667
501515
499838
499343
498923
498759
500676
501110
499780
501393
498884
497863
500374
499178
501566
501587
499162
501104
499138
498430
500816
501119
501273
501248
498804
499537
500515
500652
500148
501228
499951
501603
500513
501237
499549
499055
498777
500003
499926
499265
499362
500575
499989
498613
501094
500212
498644
500768
501161
498152
499345
499295
499888
499307
498087
500726
501477
499067
497951
498738
500384
500441
501468
498154
498999
500628
498609
500370
499008
499327
498527
499677
499978
500112
501467
500223
497903
501037
500555
498375
