           5
           6
  3.9208680E-07
  0.8382882    
  0.3450427    
  0.7345526    
  4.0313378E-02
  0.9117896    
  2.5480442E-02
  0.3353550    
  0.8711839    
  0.3001758    
  8.5024789E-02
  9.1822170E-02
  0.3525161    
  0.9153272    
  8.9918353E-02
  4.9717721E-02
  0.5588210    
  0.6377664    
  0.6669145    
  0.7958636    
  0.8882838    
  0.9081894    
  0.9264517    
  0.8522921    
  0.9630555    
  0.8326931    
  0.7009789    
  9.7658597E-02
  7.5640768E-02
  0.1210777    
