           6
           5
  0.4298007    
  0.5377909    
  0.6390630    
  0.7838956    
  0.9393794    
  0.3171156    
  0.5648708    
  0.4777809    
  0.9777746    
  0.2201212    
  0.6036842    
  0.3697166    
  0.7465966    
  0.6440447    
  0.6763431    
  0.1687085    
  0.4880913    
  0.6608130    
  0.3074740    
  0.5480947    
  0.9264557    
  0.1926283    
  0.9748721    
  0.2376936    
  0.2565342    
  0.5355654    
  0.6027865    
  0.8892629    
  0.2834814    
  0.1721693    
