499492
501335
499741
499180
500249
501065
499388
501013
500587
499160
500665
501296
499220
500003
501113
501442
498734
500154
499216
499921
500224
500495
499469
499836
499590
499952
500110
501524
500062
499892
500540
499476
499576
500301
500314
501221
499440
498879
498769
500508
499706
500304
499922
499963
500762
500085
500308
501539
498613
499900
499361
499481
499997
500574
499940
500572
499846
499972
498316
499985
501276
501861
500133
500973
500252
499875
500802
500918
500645
499452
499593
500366
500088
500947
499675
500621
498951
499568
498476
500238
498492
500777
499949
499823
500034
500037
500374
499609
500551
499990
498038
500622
500400
500596
500652
499357
498803
500087
498998
500137
500031
500416
501063
499111
499546
499768
499812
499673
500913
499181
499215
500561
499077
501082
500908
499826
499356
500135
501404
500081
499143
499436
500266
501454
498982
499205
498996
499442
500303
500521
499082
498878
500245
498985
500770
498692
500335
500885
499150
500271
501312
500447
499345
498856
500199
500475
499131
499285
498771
499045
499903
499305
500902
499718
499271
499624
500766
499062
500651
500747
500435
499511
500677
500731
498850
500167
499957
499931
500784
501212
500407
498351
499883
501157
499844
499803
499602
499973
500387
499224
499893
500977
500346
500946
499588
499904
500423
499482
500722
499871
501736
501355
500903
498987
499681
499992
499188
498931
499819
500173
498899
500695
500739
498672
499011
500101
501713
500042
501028
500910
500780
500774
500280
499386
500840
498959
500111
500522
500505
500589
500097
500344
498187
499873
499027
499645
501362
500633
499337
500868
499824
500491
500579
500662
499735
499902
498992
499849
500166
498826
501086
500074
500787
500894
500408
500060
498999
500254
500693
500243
501360
500424
500659
499217
499499
501181
500367
499715
499259
499490
500940
499353
500452
500723
499008
500962
499828
499292
501098
499782
500191
499104
499242
499516
500343
499403
499404
499716
498877
499351
500142
500126
499711
500109
500812
501138
501097
498600
500212
499148
499648
501041
500386
500178
499979
500514
499295
498037
500650
500617
500007
498748
499825
500146
500688
500164
501116
498598
498943
499604
500326
499312
500017
499734
499627
500273
499644
499653
499107
500448
499270
500736
499974
500461
499493
499497
499365
499117
499349
499199
501808
499879
499426
500507
500345
500555
499981
498747
498988
498969
500388
499055
499701
500861
500247
500749
500792
499157
500256
499630
499857
498829
500330
499248
500404
500432
500606
498966
500294
500261
500336
499838
498435
500202
500364
500120
499500
500582
501055
500327
500990
499339
500957
499125
500790
500609
500570
499094
500123
501857
500773
498609
498958
499307
499066
499629
499258
499582
500054
499167
499461
499358
498891
499227
498328
501453
499837
500311
498742
500380
500629
499158
500658
501102
500892
499934
499214
500305
499320
500509
499867
500390
498473
499725
499773
499608
498945
500614
500872
501387
501390
499905
501277
499085
501046
500282
500068
500443
499383
498965
500049
501152
500312
501696
498471
500298
500991
499621
500296
501133
499518
500550
499408
501380
498709
499553
499882
500431
501995
499626
499545
499233
499589
499774
499933
500341
499628
500524
499671
499618
501206
501173
499335
501051
501186
500419
500057
500993
499756
499863
501052
500883
500679
501072
501109
501489
500430
501494
498936
500131
500843
499765
500056
500328
500189
498195
500158
501563
499395
499687
498528
501302
498786
499479
500352
500106
499914
500370
501240
500180
501585
500272
499720
499185
501059
499847
499064
499251
500385
501077
500798
500322
500788
499213
500765
501112
499009
501834
499134
500313
499510
500672
501946
498619
499869
500369
502055
498570
500466
500480
499411
499733
499578
498794
501891
499314
500853
499623
499598
499702
499001
500937
500729
499558
500117
498994
500472
501070
499218
500618
500809
499612
500634
500776
499674
499605
498403
498973
501336
500474
499663
499221
499850
501433
499834
499603
499485
500538
498828
499613
499695
499637
500603
500274
499255
500427
499196
499420
500234
500775
501172
499207
499757
500203
499851
501485
499953
498908
499522
500676
500597
500001
501708
499759
499419
500527
501976
500045
499095
501644
500980
500141
500438
500211
500799
499543
501609
498645
499362
500200
499683
500009
498941
500332
500035
501103
500976
500702
499306
500683
499232
499380
499635
499133
500375
499778
500487
499367
500340
501565
500339
499652
498164
499415
500837
499594
498752
499889
501461
499263
500503
500377
500755
500240
500414
501631
500467
500157
498981
500044
500978
498984
500499
498682
499965
498636
499128
499412
500501
498590
500412
500945
499240
498745
500492
499601
500058
500488
501124
499040
500361
501006
500078
499209
499567
500607
500460
499971
499260
501316
499390
501255
499238
500999
500246
499861
499592
501184
500357
501904
499141
499472
498660
500086
499129
499682
499474
500489
499068
499326
499282
499399
499650
500705
499375
500580
499524
500184
499253
501393
499319
500712
497834
499281
501182
498990
499325
500152
501100
500269
500229
499434
501069
498515
501656
500175
500207
501925
500047
500583
499727
499098
498932
498378
501218
500023
501655
501108
499447
501260
501266
499748
499962
499550
498145
499690
498915
501001
501207
498924
500410
500858
501237
500095
499566
499631
500267
499745
498859
500690
498319
500092
501604
499397
500288
498397
499918
499994
500498
499484
501879
501554
500263
501042
499219
500075
499995
499728
499742
499422
500188
501444
500942
501027
500738
499298
498882
500315
500479
501263
499486
499969
500237
499615
501621
499557
500067
499876
501466
500426
499065
501435
500132
499050
501219
500220
499754
499448
501558
500450
501422
501208
498939
499460
499347
499707
500457
500814
499432
499703
499340
499431
499881
499462
500917
500036
499075
501137
499182
499393
499806
500493
500159
500539
500163
499597
500206
500671
499960
499835
501201
500010
499539
500331
499577
501036
501721
500808
498986
500391
498724
499752
500359
500746
499739
500182
499966
499547
499975
498615
501652
499427
499996
499987
499930
499870
500235
500575
501310
501002
501045
500545
499368
499936
500554
499872
499428
500055
499332
499610
501089
498883
499208
499809
499932
501327
500935
499294
499385
500433
499435
499961
499755
499389
499454
499649
500536
499343
498325
499035
499457
499894
499541
499989
499622
500842
501029
501669
500153
500356
499406
499762
499679
499387
498726
500510
500758
500115
498784
500195
500347
499193
500458
500449
501756
499714
500824
499551
499002
498301
499915
499059
500548
499430
500014
498303
499845
499072
499569
499611
500602
500567
499909
500960
500771
499505
500354
499666
498881
500874
499833
499425
498627
499948
500828
498907
500654
499498
499466
500727
499570
499968
500422
500730
499007
500209
500124
500093
501300
500144
500655
498549
500005
501917
500468
499268
500637
501242
500012
500070
500077
500856
500179
500338
499848
501274
499583
499290
501093
498661
501358
499139
500620
498179
500615
500403
500309
498670
500710
500639
499369
499912
500797
501128
500642
500219
500547
501231
498644
500845
499779
498529
501499
499760
500026
500259
498843
500855
499817
501844
500233
499203
500912
500381
500720
501222
501153
500318
499860
499753
500789
499724
500006
500748
500928
499254
499571
500073
500398
501000
500898
499360
501353
500909
500079
498270
499919
500205
499886
500506
499999
499977
501378
500230
500880
500210
500310
498431
500822
499665
500368
499970
499788
500270
499123
500428
498129
499719
500992
499031
499564
500483
499532
500098
499099
500970
499113
498625
500276
500197
500685
500954
500905
500741
500986
501061
498736
501213
500425
499554
500826
499827
501476
501666
500215
500285
500867
499705
499800
500964
499763
499276
500151
500785
499225
500171
497837
500515
499777
500586
499146
499787
500138
500072
499884
500484
501531
498934
499377
500134
500653
499585
501319
498727
501359
500193
501436
499832
500002
499465
500091
499398
501550
500571
499829
500701
500084
499264
500669
499456
499109
498437
499176
499738
498556
499744
498401
499413
501238
500177
500283
499438
499038
500481
501146
499923
500082
498862
500029
500590
500268
501117
499171
500222
500647
500061
500066
500667
500893
500176
500083
499096
500355
500033
501553
498920
500174
499010
500125
500878
500214
500517
499330
498390
499775
499983
500231
500181
500573
499537
500732
498904
499986
500223
498792
498446
500257
499458
499069
499783
500418
500760
500744
500392
499792
500525
500803
500542
500319
500395
499451
499587
499941
498872
500955
500185
499878
499172
500198
499866
501096
500684
500578
500866
500627
500734
499374
500437
500810
500599
500454
499417
499439
499136
499700
499898
501159
499030
499163
501118
500351
499450
500816
499118
499633
498510
500921
499764
500740
500997
499660
499174
500264
500378
