498709
499990
499621
501109
499067
500460
500218
500547
499852
501563
499692
499347
498430
500765
500055
499271
498726
499462
500348
500082
500798
500283
501524
500539
500377
500414
499440
501558
501146
500431
498988
500387
499798
500450
500269
499337
500432
502055
500108
501153
500276
499977
500561
499800
499675
501585
501696
499220
500509
499963
500168
501000
499485
501327
499455
499915
500075
498661
498924
499314
498725
499987
499605
498556
498915
500014
498729
500672
499660
500205
498528
500741
499845
500846
500627
500677
498986
500408
500997
499285
500242
501225
501609
500567
500084
500386
499117
500173
500751
499224
499750
500365
501092
498319
499205
499221
499957
501644
500892
499071
499913
500532
500757
498879
499182
501621
499609
499632
501654
498829
500885
499935
500341
500447
499217
500990
499447
499939
501259
500945
498580
499997
499537
500705
499465
500771
499762
498590
499518
500788
500774
500179
499066
499091
500324
498984
500582
499966
500907
500314
499074
499492
500647
499815
500036
500999
501489
500359
498435
499069
500081
500029
500167
499115
499146
499879
500327
500855
499910
499905
499369
499085
498331
500068
500164
500232
500395
498403
499290
500226
500423
500074
500502
501048
499809
500803
499562
501137
500385
498983
500114
499038
499491
500572
501082
499754
500344
500881
501215
500033
499922
499213
500645
499992
499438
500255
500650
500403
500346
500824
500252
499400
500368
499582
499945
499837
500806
500357
500443
498627
501178
500182
499354
500566
499386
500109
498794
500259
500571
499998
501652
498843
501037
498397
498413
498681
500230
499616
500662
500456
499011
500067
500853
498672
500223
499953
500256
500843
500091
499149
500524
498769
499187
499550
499108
499581
499848
500521
499357
499755
499586
499351
499933
499099
498727
500575
500787
501036
500171
499511
499456
500045
499641
499980
500134
498859
499008
498945
499973
499464
500175
501208
500474
500538
501065
499711
501128
500077
498981
499686
500633
499334
500514
498682
499410
499238
499121
499969
500470
501593
499434
499141
500848
500493
499782
499598
499873
500730
499308
499790
500233
500079
500202
500993
499214
499707
499431
501196
499298
498920
498863
499087
500219
500180
501599
500766
499981
500149
499892
498549
498485
499865
500732
499860
501069
498808
498747
500507
500158
500712
500591
499457
499706
500649
500200
499739
498129
499507
500472
499970
500366
500861
499360
501184
499422
499742
500371
501002
500710
499585
499886
501052
500271
501206
499442
500154
500007
500692
500536
498763
500143
499695
500315
500369
500237
500191
500491
499642
499978
500477
499604
499416
499171
499030
499650
501089
498882
500548
500540
498351
499629
499993
501212
499715
499817
499811
499823
500527
500808
499173
498563
500825
499624
500523
500073
500748
500188
500775
500673
499280
501834
499489
500512
499872
500626
500111
500370
499659
499867
499779
499045
501046
498943
498187
501255
500391
500845
499048
500100
500632
498970
499850
499215
500144
499690
499768
499208
500679
500977
500177
499902
500596
499819
499787
498803
501976
499979
499698
500131
498771
499653
500449
501453
499398
500932
499513
500602
499661
499569
499094
499486
499193
499896
501713
501604
498933
501047
501006
500501
501093
498625
499472
499332
500363
500435
500466
499716
499988
499432
499018
499376
499536
499539
499417
500611
500280
499752
499551
499806
499826
498881
500812
501319
501237
500858
498325
498911
500809
498592
500637
499760
500607
498856
501442
500986
498934
499133
500870
500554
501499
500755
499916
500964
500463
500336
499044
498529
500998
500145
500935
499627
501891
500653
500400
498492
500713
500515
500980
499861
500617
501631
500635
500643
500275
499385
500360
499212
499503
501195
500312
499767
500576
501336
499185
499064
500347
499016
499452
500343
500473
499564
501143
499904
499253
500594
501393
500438
498401
499116
499482
500163
499453
499355
499288
500836
499663
500139
501708
501061
499367
500764
499343
500735
500586
498274
500789
499738
500716
501300
500580
500667
499733
500828
499325
500738
500745
500321
500404
498437
501099
500057
499418
499770
500078
500792
500954
499157
500500
500739
500364
500062
501235
498899
501266
499942
500267
499851
500621
499834
500734
499722
500773
499476
500278
501525
500229
500720
500458
500010
500961
500214
499600
500061
498476
499505
500101
499651
500209
499353
500655
499557
499757
500736
499662
499286
500261
499493
500785
499636
500957
499748
500138
499678
499207
501380
498912
499763
501124
501001
499648
499209
499263
500534
500644
501454
498431
499677
501219
500410
498786
501302
499571
500452
500044
499488
501042
501314
499741
499181
499378
501238
498736
498745
500436
499293
501508
500701
499894
499830
501444
499908
500020
500733
499270
501436
500563
500652
499490
500844
499522
499292
498792
500407
500203
500660
499875
499533
498785
499829
500116
500053
498826
499254
500874
499352
501485
499870
498992
501118
501116
501004
499637
499124
501242
501435
498645
500905
500383
500338
500274
500758
501399
501353
499233
499849
501139
499773
499139
499932
500797
501390
501714
500282
500047
499362
501277
500504
501112
500303
499258
500147
500492
499315
499305
499930
500412
500606
500559
500569
499504
498862
500135
499119
499295
499989
501363
500222
498872
499558
500227
498788
499543
500137
499717
500685
500867
500587
499996
499972
500093
499330
499397
499995
500433
499131
500356
499944
501100
500555
500251
500817
499326
501207
500506
501167
499348
500551
500487
499294
498824
500374
500220
498038
498694
498959
500037
501286
501476
498615
500902
500413
498752
500574
498939
501329
499868
499940
501355
499832
500618
498575
500518
498965
500123
498372
499923
500497
499497
499188
499674
500837
500642
500960
498969
500151
500083
499469
499153
499009
499481
500489
499345
499248
501274
499307
499575
499949
501126
500041
499613
500017
500908
500822
499014
498613
499665
499882
500170
500211
498609
500941
499449
500313
499065
500880
501133
500264
500437
499759
500810
498985
499317
498958
499781
500615
501201
500254
499831
500358
499846
500402
499383
499723
499702
499429
499712
499617
500234
500199
499570
500320
499724
500198
499517
500319
501074
500589
500629
498828
500688
500120
499965
498998
501553
499590
499515
501371
500184
499628
499055
500578
500543
498721
500257
500651
498975
499388
499460
499377
500140
501062
500468
498692
499618
498152
500816
500991
501019
500770
499176
500110
500623
500294
499588
501045
500762
498904
501231
500262
501221
499568
500013
499031
498982
499195
499433
501736
500467
498903
498724
499810
500992
500308
500729
500579
501086
501808
500744
498877
500113
499419
499077
499425
500146
499406
500496
499778
499884
499646
498037
499189
500058
500332
499921
499415
501655
499467
499436
500152
501230
499903
499701
499471
498878
499783
499744
499866
500702
499931
501946
498907
500746
501041
498328
500849
499899
500422
500042
499501
500329
499268
499774
499566
500159
499075
501066
499374
499136
498527
500419
501261
500495
501173
500475
500526
499608
499578
500912
499125
499803
499096
498547
499602
499172
499792
498914
500178
498748
500953
500481
500002
500063
499986
498784
500550
499844
500038
500096
500247
501245
500049
500780
500776
500784
499512
500522
500918
499375
501152
500814
500246
500006
499927
500703
500856
499232
499576
500310
499652
499516
500072
498936
501179
500207
500216
499300
499399
499495
500479
500094
498164
499974
500309
500089
499592
498270
500684
498390
499725
499777
499728
500597
498510
500059
499082
500011
499423
500799
500938
501861
499163
499727
499955
501083
500162
501630
498701
500499
498999
500382
498742
499900
499797
500376
500012
500826
499808
500982
499287
501429
500451
500427
499948
499785
501565
500393
499635
499380
499918
500665
498741
499204
499166
500663
499151
500231
500166
501013
500898
499535
500421
499630
499199
499975
499158
498850
500976
499143
500040
501666
497837
498179
500564
499906
501172
499340
500330
499985
499705
498660
499541
499606
500827
499509
499838
501103
499597
499599
499451
499427
500189
500098
499498
499680
500675
499320
500235
500001
499098
500722
499697
500996
500426
499658
499532
499174
501539
500331
500243
500727
500185
499816
499062
499731
500940
498987
499726
500981
500866
498941
499003
499368
501222
500455
500505
500354
499596
501422
499601
499718
501316
502126
499901
499128
499950
500270
500022
499623
500023
499855
500285
498873
499876
499788
501029
501157
501656
500124
500160
500418
499306
501240
499603
500176
499890
500148
500335
499118
498734
499180
501335
499612
500595
500090
500088
500459
499909
499329
500187
500609
500599
499241
501159
500657
500388
499961
500381
500305
499072
499885
499426
499589
499668
499714
500268
501925
499109
499092
499393
499895
499203
499799
499679
499607
500777
499546
499982
501479
501102
500723
500978
500153
501433
499994
499971
499035
500634
499264
499766
500210
500133
499656
500850
501105
499251
500174
499769
500428
500830
500375
499713
500401
500028
498789
499365
500630
500894
499144
499863
499225
500658
500272
500533
499395
500339
499111
500003
501904
501095
500942
498966
500289
499123
500921
501391
498901
499443
500361
499864
499615
