         368
        2040
         820
         244
         293
        3819
        2558
        1687
        1371
         549
        1472
        1611
        3248
        2176
        2364
        3653
         210
        2137
         694
        1650
        2351
        3655
        1240
         336
        2367
         691
        2454
         731
        3474
        2212
        3614
         283
         878
         316
         279
        1077
         793
        2932
         554
        3839
        3685
         560
        1717
        2923
        2736
         225
         992
        3225
        1900
        2532
        2207
        3059
        1919
        1708
        1055
         479
         134
        1317
        3890
        1028
        3083
        1150
         719
        3730
        3941
        1887
        3042
        3248
         146
        1225
        1835
        3253
        1144
        3353
        1302
        1453
        3098
        2965
        2795
        2242
         311
        3052
        1897
        2525
        2250
        1990
        3299
        3973
        2588
        1926
         602
        1349
        2229
        2682
        2321
        2346
         197
        1400
        3221
         606
          88
        3691
         600
         536
        2671
        3680
        2413
         968
        2605
        2717
        2418
          51
        3285
        1393
        1316
        2266
        3061
         613
        1710
        3323
        2592
         256
        3001
        2553
        1385
        2264
        1241
        2125
        1643
        3231
        1131
        2899
         827
        1317
        4033
        2721
        2863
        1267
        1954
         398
        1750
        1898
        1378
        2985
         970
        3477
        1519
        1859
         553
        3980
        1013
         762
        3612
         870
        3071
        2357
         150
        1850
        2630
         969
        3700
        1856
        3487
         104
        3336
         215
        3408
        2444
        2618
        2002
        1673
        1406
        1503
         871
        2463
        3170
        1793
        4087
        2340
        1386
        3791
        1778
        1572
        3679
        1455
        3623
        2140
         242
        3746
        1598
        2571
         690
        2707
         536
        1921
        3873
        3236
        4014
        3043
        1387
         557
        1338
        2189
        1063
        3649
         969
         744
         422
        1651
         797
         754
        2376
        4026
        2507
        4065
        2519
        1226
          22
        2829
        3215
        3851
        3594
        2763
        3308
         120
        3876
        1733
         197
         616
        4031
         653
        3308
         338
        4022
        3667
        3452
         482
        1303
        2090
         784
        1966
         996
        2701
        2944
        1433
        3301
         201
        3647
        1810
         772
          33
        1976
        2853
         220
         918
        1149
        1791
        1615
         916
        2880
         385
         427
        2361
        2271
        3205
         916
        1645
        1067
        3867
        3319
        2190
        3991
        2985
        2847
         774
        3074
        2565
          22
        1818
         644
        3262
        1797
        1321
          19
        1246
        1365
        1526
        2809
        2481
        1895
        2220
          81
        2069
        3883
        1515
         947
        3733
        1465
        1469
        2653
        2218
        3118
        2752
        2430
         748
        4063
         541
         962
        4065
         533
        3847
        2010
        1901
        3467
         803
         997
        1621
          42
        1459
        1825
        1354
        3012
        1723
         424
        2625
         244
        2319
         700
        2459
        1222
        3754
        1606
        2623
         846
        1680
        3431
        2171
        3011
        3672
        1587
        2547
        3813
        1083
        3648
        1686
        1477
        3951
        4075
        3325
         692
        3459
        2370
        1287
        3098
         361
        3257
        2716
         858
         621
        2543
        3465
          89
        3228
        3612
         253
         606
        3208
        3786
        2829
          17
        3972
        2158
        3708
         426
        2826
        3574
        2159
        3442
        2724
         337
         438
        3013
        2718
        3810
        2108
        1566
        4093
        2459
        2406
         769
        3820
        4039
        2631
        1532
        1907
        2065
        1257
        3553
         270
        3302
        2815
        3623
         766
        1656
        2251
        1271
        2000
        2642
         685
        3885
         256
        3667
         987
        3101
        2144
        2787
         103
        1386
        1447
        4014
        3303
        3380
        1743
        1210
        1289
        1077
        4085
        3023
        2694
         756
         465
        3232
        3028
         879
        1857
        1810
        1945
        2434
        1519
        3113
         436
         437
        1939
        1620
        1769
         294
        1655
         867
        3369
        1098
        1431
        1310
        2713
        1271
        2413
        1103
        1748
        1790
        2000
        2613
         930
        2419
        2675
         275
        3938
        2116
        2142
         941
        4091
        1263
         605
        2042
        3313
        2361
        2424
        2654
        3858
         509
        2997
         351
        1029
        1493
        3261
        2824
        1715
        1331
        2827
        1875
        1235
        1861
         215
        3220
        4058
        3133
         318
        1045
        1655
        3837
        2358
        1597
         611
        1769
         666
          99
          87
        1200
         344
         432
          24
        3153
        3924
        1254
        1198
        2740
         617
        3594
        3582
        3636
        3563
         149
        3177
        3889
        2250
        2625
         600
        1589
          78
        1079
        3897
        1639
         137
        3141
        2556
        4001
        2188
        2595
          92
        1969
         342
        1291
         165
          67
         352
        3492
        3504
        1167
        2722
        2207
         782
         469
        2062
         166
        1405
        1854
         272
        3884
         366
          27
        3851
        1133
        1981
        1142
          84
        2341
        1578
        2442
        2958
        3204
        1419
        3680
        1729
        3679
         273
        3488
        1479
        1589
        3268
        3217
        1066
        1936
        2512
         758
        2062
        2543
         749
         529
        3608
        1145
        3112
        1788
         992
         240
        2383
        4057
        2263
        1226
        1417
         560
        1615
        2645
        2963
        3187
        3125
        3066
         681
        2567
        1222
        1207
        3955
        3339
         796
        3757
        3932
        1112
        2482
         760
        2168
        1884
        2256
        3329
        1494
        3732
        3383
        2160
        2152
        1212
        2754
        1290
         224
        2608
        2978
        1525
        4018
        1578
        1382
        2889
        2003
        1496
        3740
        1895
        3907
        1776
        1648
        2900
        2832
        2919
        3652
        2412
        1908
        1839
        1607
        1177
         305
        2883
        1743
        1395
        2387
          55
        2112
         124
        2154
         524
        4059
        1141
        1775
        2506
        1094
         601
        1235
         507
         557
         780
        1284
        1749
        1840
        1309
          32
        3212
         482
        2054
        1482
        3172
         425
        2508
        2164
         533
        3928
         338
        2324
        3026
        4022
        3727
        2531
         860
         161
        1182
         816
        1223
        2350
        3518
        2461
        3844
        1801
         385
         269
         803
         417
        1844
        2099
         112
         956
        3020
         109
        2049
        1753
         851
         917
        4011
         641
        1121
         978
        2492
         684
        3891
         663
        3572
        2829
           1
         989
        2537
        2006
        1837
        1343
        1271
          72
        2375
        1939
        1383
         285
        1445
         623
        1004
        2996
        2967
        1904
         675
        1134
        3657
        2035
        2569
        1977
        3725
         513
        2854
        2770
         288
        2281
        3276
        2197
        1526
          53
        3103
        1523
        2292
        3481
        3647
        3403
        1932
         982
        2958
        3218
        2904
        2947
        1604
        2126
        2887
        1000
        3941
        2458
         386
        2960
        2943
        1661
        3043
        2675
        1031
        1184
        3680
        1917
        1339
        3735
        3432
        3003
         523
          87
        1082
         855
        1981
        2250
        1345
        2897
         621
        1208
         550
        2777
        1095
         529
        3875
         799
        2826
        2990
        2009
        3410
         346
        3296
        2872
        3500
        4092
        1920
        2791
         394
        3324
        3385
        3954
         764
        3399
         500
         168
        3836
        2034
        3642
        2937
        1507
        3798
         976
        3016
        1523
          73
        2147
         998
        4011
        1345
         156
        3557
         289
         437
        1588
        2899
        1966
        1089
         196
        2585
        3117
        1428
        2833
        2531
        2132
        1160
        3915
         724
        1763
         151
        3390
         161
        2476
        2196
        2019
         243
         404
        3765
        3039
          55
        1462
        2284
        1757
        2650
        1801
        1182
         485
         380
        2014
         210
        1848
          57
        1174
        2577
         125
        3520
        1488
        1593
        2218
         668
        3113
         943
           7
        1101
        1256
        2427
        2382
          71
        2153
         166
        2153
        1870
        2016
         888
         758
         359
        1707
        3902
         550
        2308
        1287
         564
        3581
        3614
        1531
        2542
        3892
        1482
         652
        1347
        3051
         268
        3746
        3382
         919
        1386
         501
        1539
        3184
         340
        1013
        4005
         502
        3478
        3439
        1796
        2288
        1302
        3628
        3279
        2123
        1362
         590
        2582
        1847
        3417
        2247
        1605
        1780
         613
         121
        1482
        2488
        3816
        3538
        3254
        2103
        3805
         720
        3190
        2137
        3514
        3514
        1520
        3152
        2586
        1296
        1101
         118
         941
        2643
        3414
        2829
        2038
        1352
        1286
         294
         391
         238
        1671
         767
        3774
        1946
        4000
        2350
        2454
        2551
        2396
        2155
        1765
        3379
        2021
         861
        2239
        3929
        2039
        1791
        1389
        1142
        3398
         881
        1733
         889
        1416
        2136
        2490
        2825
         518
        3882
        3162
        2554
         683
        2645
        3643
        1729
         405
        2425
        3518
        1743
        1031
        1344
        1006
        2780
        1644
        1575
        4001
        2209
        2302
         699
        2831
        2202
        2103
        3039
        3911
        2881
        3913
        4042
        2451
        3392
         841
        3171
        2403
        2124
        3631
        1980
        4015
        1633
         351
         120
          14
        2356
        3032
         568
        1754
         544
        2165
        3643
         849
        3749
        3122
         975
        2674
         405
        3967
        3848
        1495
         254
         357
         474
        1397
        2703
        3092
        1801
         504
        3872
         444
         744
        3239
        1039
        2487
        3905
        3915
        3543
        1253
        1731
        3165
        2891
         859
        1748
         590
        2990
         956
        3172
         936
        3833
         660
        3023
        1018
        1406
        3401
        2907
        4094
        3350
        3000
         284
        3467
        2474
        3792
        3470
        3473
        3651
        1003
        1441
        2230
        3185
        1211
         134
         767
         514
        2812
        1797
        3532
        4060
          95
        3382
        3239
        2415
        1838
        3825
        3886
        2224
        2632
        1158
         950
         449
         126
        2753
        3290
        2561
        1162
        3252
        2252
        3681
        1995
        1213
        4044
        2095
        1637
        2007
         931
         604
        3052
        2089
         492
        3064
        1463
        3372
        3438
        1537
        3361
        3483
         978
        3678
        3150
         795
        2778
        2421
        1052
        2258
        3456
        3054
        3981
        3397
         779
        3070
        1807
        3674
         789
        2018
        1962
        3974
        1128
        2490
        3044
         425
        2137
        1628
        2236
         364
        3651
         465
        2049
        3852
        3479
        3377
        3664
        2534
        1398
         669
        1430
        2628
        3439
        3155
         331
        2941
        2629
         876
          55
        1818
        2586
         268
         380
        3895
        2006
        2139
        3466
        2644
        1619
         171
         592
         663
         473
        2223
        3598
        3661
        3054
        1462
        1586
          28
        1285
        2850
        3995
        3037
         440
         297
        1201
        1490
        2104
        2434
        3356
        1043
        1512
        2056
        1190
        2048
        3231
        3973
        1810
         207
        3203
        2884
        1490
         451
        1651
        3799
         789
         313
        2772
        3559
         392
         485
        1243
        2239
        1252
        3359
        3871
        1169
         898
        2026
         238
        3248
          55
        2431
        3856
        3813
        2037
        2008
        1885
        3113
        1740
         809
        2606
        2453
        1305
        3325
         230
        1441
        2525
        1059
        3763
         653
        2063
        1873
         255
        3949
        1851
        3630
         405
         185
        2498
         977
        4000
         869
        3995
        2772
        3062
        3793
         468
        3984
        3250
        1321
        2951
        3699
        3607
        2109
        2585
        3477
        1536
        2123
        1289
         596
         405
         794
         758
         240
         879
        2393
        3246
        1641
        1684
         732
        3873
        4017
        3041
        3831
         249
        3794
        2482
         177
        3398
         450
        1955
        3673
        2004
         602
         948
        3510
         522
        4007
        2953
        2765
        1723
        1209
        4025
        1382
        1455
        1684
        2545
        3494
        2951
        1135
         254
         819
        3543
         716
         893
        2184
        2242
        3903
        1771
        3899
        2417
        3685
        1896
        3246
        1861
        4070
        2046
        2240
        1147
         580
        3361
        1473
        2693
        1766
        1438
        1067
          74
        1709
         755
        1184
        1872
         280
         817
        2604
        2834
        3395
        2418
        2583
        2134
         590
          26
        1555
        2000
        2763
        1123
         210
        3069
        3346
        3742
        2991
        3742
          79
         128
        3523
         816
        1445
        1281
         392
        1524
         797
        3163
        3714
         807
        1861
        3746
          48
        1781
        2217
        3532
        3301
        2189
        1369
        3819
        2157
        1805
        1255
        1097
         908
        2207
        2935
        3827
        1502
        1966
         879
        1243
        1837
         308
        2560
         855
        1843
        3883
        2394
        2974
        3145
        3097
        3674
        2703
        2711
        2755
        2271
        2868
        2117
         250
        3364
        2202
        1641
        2720
        2534
        3728
        2604
        2386
        3056
         501
        1935
        1046
        1520
        1448
        3502
        1355
        3867
        3175
        4045
        3568
        1691
        1512
        1541
        1635
        1189
        2001
         862
        1797
          67
         692
         784
        1374
        3665
        2948
         374
         932
        1468
        2108
        1777
        2554
        1403
        2509
        1226
        3950
        1024
        1412
        1735
        1757
        3150
        2724
        3986
         281
        3032
          67
        1622
         241
        2143
         129
         687
        1516
         867
        3198
        1637
         350
         427
         875
        3703
        2989
        3865
        2578
        1585
         753
        1555
        1201
        2524
        3544
        3010
         887
        3381
        3282
        3587
        3697
        3603
        3784
        1316
         320
        2826
        2597
         975
        1699
         729
        2548
        3250
        1793
        3032
        3911
        2527
        3645
        4033
        3419
        2657
         420
         890
        2561
        3853
         896
        3982
        2430
        1975
        3398
        1833
        1605
        1609
        2801
        2041
        4074
        3338
        3576
        2257
        2915
        3742
        2587
        2957
        4063
        2124
         834
        1905
          16
        2797
         755
        1453
        2501
        1091
        3070
        3507
        3028
        2746
         445
        3290
        1688
        3204
        1794
        1489
         711
        3944
        1614
         112
        3598
        3012
        3329
         164
         499
        3080
        1763
        3561
        3231
        3827
        2894
        3935
         680
        1801
        4079
        2628
        1562
          63
         523
        3044
        1437
        1458
         586
         526
        2316
        3178
        3297
        3899
        2726
        1782
         975
         732
         515
        2381
        3672
        1435
        3085
        1888
         625
         996
        1446
        3879
        1493
        1246
         208
        1689
        2210
        3748
        2807
         898
        3883
        1249
        2619
        1157
         430
        3983
        2258
        1205
        1158
        2408
        1560
        1790
        1393
        3113
        2784
        1117
         549
          55
        2581
         367
        2686
        1146
        1310
        1568
        1564
        1640
        3477
        2115
        3638
        3393
        1035
        3895
        1385
        3989
        2345
        1059
         221
        2763
        1990
         192
        3048
         903
         678
        3952
        1556
        3162
        3181
        3149
         901
        1188
        2913
        3578
        2131
        1579
         113
        3396
        2194
        1305
        2601
         784
        3308
        1799
         607
        3306
        2726
        2578
        3377
        3946
        1588
        3224
         140
        3948
         731
        3998
        2058
        3420
        1270
         389
        3262
        2367
         499
        1405
        2412
        2325
         924
        1909
        1721
        1182
        1800
         515
         358
        3932
         973
        4066
        1238
          32
        1820
          75
        3739
        3533
        4069
        3015
        3388
        2854
        1062
        1856
        3914
         775
        1741
         695
        2819
         530
        1730
        2190
        3574
        1486
         930
        2686
         123
        3465
        3178
        1326
        3360
         366
        1240
        3382
        3291
        2719
        3942
         875
         255
        1566
        3387
        3044
        1748
        2575
        1296
        2245
        3412
        2065
        2082
         251
        1539
         625
        2280
        2367
         702
        3216
        1618
        1981
         347
        2777
        2201
        2356
        2079
        2547
        2994
        1252
        3146
        2172
        2719
        3328
        4033
         396
         413
        1939
        3561
        3934
         960
         299
        2149
         528
         838
        3434
        3696
        2466
        2975
         341
        3291
        3243
        1423
        4084
         419
         559
        3822
        2080
        3802
           2
        1447
        2638
        3159
        1646
        2396
        1821
          97
         631
        1487
        3605
        2011
        3856
        3838
        1713
        2170
        2663
        2325
        2353
         937
        3311
        1291
        3039
        2614
         255
         520
         954
        3092
        4054
         956
         659
        2689
        1534
        1098
        1680
        3634
        2699
        2137
         617
        3880
        3646
         539
         718
         452
        1561
        1761
        1409
        3852
        3622
        1348
        2524
        2849
        3846
        2055
        2088
        4053
         320
        2168
        3663
         640
        3265
        1883
         311
        3075
        3779
         329
        3591
        2601
        1369
        2794
        3816
        3609
        2586
        3989
        1142
        2094
        3581
        3515
        2522
        1604
        1343
        2394
         542
         760
        3654
        3258
        3726
         832
         513
         916
         876
        3110
        4073
         680
        1362
        3284
          41
        2807
        2938
         458
        4015
        1724
        4088
        1600
        3161
         247
        1335
         826
        2652
        2264
        3004
        2881
        2003
        2522
         200
        2970
        2391
        3035
        3790
        3366
        2072
        1345
        1365
        2246
        2323
        3268
         755
        2686
        3844
        1269
        2372
        2416
         343
        3185
        3332
          33
        3285
        1255
        3189
         494
        3934
        2595
        1409
        2264
        1494
         234
        3393
        3650
        3649
        3009
        3243
        1946
         139
         406
        2396
         183
        1329
        1664
        1901
        3587
         712
        1972
        2490
        3412
        1269
        3856
        2704
        3597
        2426
         452
        2126
        4086
         469
        3980
        2539
        2578
        3156
        1948
         255
        2422
        3170
           5
         294
        2733
         647
        1329
        1965
        3256
        1188
        3097
         389
        3471
         742
        1889
        1817
        3760
         774
         779
        2111
        2472
         398
        1741
        2169
        3935
        1723
         373
        1484
        1183
        1874
        2636
        3019
         597
         179
         529
          54
        1281
        2607
        2829
         327
         521
        1183
        1002
        3355
        2726
        1604
        3730
        2168
        1883
        1709
         705
        3259
        2804
        1310
        3889
        1235
        2228
        1218
        1410
         338
          64
        2247
        2656
        2231
        3302
        3987
        2429
         486
         198
        2483
        1590
        3996
         232
         278
        1743
        1190
        1027
        2329
        2649
        1684
        3565
         451
        2222
        1113
        2761
         578
        1554
        2025
        1965
        1441
         855
         884
        3199
        3135
        2633
        2540
        1463
        4092
         759
         391
         861
        1528
        2801
        1389
        1571
        1543
         440
         100
         612
         574
         959
        1118
        1016
        3816
        2864
         399
         363
        3837
        2362
        1937
        1166
        1887
         919
        1347
          91
         572
         154
        2852
        1166
        2089
        3767
        2982
          40
         120
        3420
          10
        1981
        2187
        1062
        2542
        1929
         166
        3627
        1237
        2127
         254
        3854
         224
         527
        2203
        1215
        1942
         565
         542
        2457
        3748
        2412
        2718
        2412
         150
         825
        1878
         799
        2683
        1833
        3977
        3674
        2793
        3695
        1540
        1009
        2046
        3764
        1981
         231
        2546
        1911
         994
        1052
        3682
        3699
        1620
        4007
        3062
        3133
        2755
        3991
        3222
        3911
        1325
         257
        1718
        2696
        1009
        1465
        2611
         767
        3799
        2225
        2058
        3794
        3035
        3403
        3119
         398
        1592
        1310
        1473
        2471
        2844
          68
         751
        2579
        3738
        3906
        2546
         372
        2859
        1472
         838
        1446
        1461
        2196
        2662
        2358
         451
        1217
        1537
        3440
        2182
        3543
        3736
        2258
        1003
        3230
        1806
        1598
        3584
        4056
        2821
         891
         722
         603
        3191
        2249
         142
         875
        2880
         940
        1137
        1120
         633
        1084
         151
        3711
        1683
        2798
        3529
          93
         539
        3161
        3438
        2689
        3260
         268
         133
        2016
        2654
          42
         655
         138
         556
        1096
        3777
         364
        3490
        2384
        1102
        2957
         158
        1175
          52
         477
        1366
        1465
        2733
         273
         358
        3683
        3239
        2460
        3770
        1542
        2076
        3631
        1822
        3597
        1727
        3298
        2161
        3153
        1807
        3498
        1772
        1961
        1940
        1474
        3880
         782
        2774
        2020
         842
        2343
        2737
         875
        1255
        1298
        3212
         835
        3765
        1348
        3720
        2314
        1938
        2281
         250
        2923
         702
        3865
        3281
         708
         431
        3626
         434
        3453
        3792
        3321
        2314
         266
        1816
        3211
        1863
         383
        3832
        1792
        1965
        1894
         669
        1664
         233
        1288
        3356
        3045
        3853
        1499
        3227
         537
        2199
        3460
         820
        2890
        1696
        3590
        2549
        1786
        1205
        2095
        2259
        2561
        2926
        2808
        2611
        3860
        3024
        2375
        2878
        2998
        2078
        1689
         187
        1187
         169
        1596
        3182
        1998
        1123
        2184
        3596
        1199
        2511
        1392
        1968
        1203
        1073
        3836
        3745
        3454
        1540
        1050
        1661
         145
        3273
        2861
        1993
        3850
        3770
        3320
        1178
        2245
        3576
        3443
        2916
         279
          30
        1571
        3961
        1738
        1021
         410
        1345
         962
        1314
        1232
        3655
        2936
         948
        2759
        3633
         946
         563
        1302
        4073
        2443
        2904
         877
        1167
         605
         202
         782
        2974
        1997
        2038
        1938
         502
        1251
        1986
        3833
         948
        2485
        2448
        2586
          14
        1425
        1132
        3995
        3579
        3930
        1829
        2198
        3103
        2801
        3584
        4043
        1669
        2927
         435
         666
        2907
        4094
        3070
        1085
         752
        1198
        2385
         724
        2147
        1183
        1642
        3745
         592
        3323
        2712
        3593
        3032
        3017
        1190
         239
          92
        2771
        3460
        1196
          90
        2133
         666
         360
        1925
         614
        3048
         609
        2733
        2480
        2500
         302
        1506
        2740
        2091
        2303
         771
          73
         900
        3328
        1183
        1178
        1071
        3283
        2154
        3712
        2825
         626
         610
        2984
        3843
        3250
        1185
        1482
        1522
        4081
         542
        3065
         523
        3391
        3591
        2510
        3907
         861
        3645
        1221
        4090
         980
        2435
        1425
        3863
         303
         933
         849
        2584
        2217
        2440
        2623
        4003
        2339
        1750
         476
        3017
        3706
        3502
         198
          65
         424
         417
        1518
        3555
        1689
        1573
        3156
         748
         527
         646
        2764
        3009
        2405
        2316
        2367
        2443
        1749
         407
        1173
          66
         611
        2613
          33
        2791
        2085
        1370
         555
        3484
        3472
        3566
        1988
        1253
         973
         447
         388
        2068
        2765
        1336
        2595
        3491
        2973
        2864
        2734
        2642
        2533
        3524
        3136
        3772
          79
        3154
        2432
        3258
        1115
        1923
         137
        1155
        3870
        3653
         754
          57
        2873
        1746
        2045
         542
        4023
         352
        2040
        3484
        3358
        1264
        1001
         123
        2748
        2962
        3313
        3768
        1287
         606
        3234
        1864
         484
        3974
        3542
        1072
        2721
        4026
        2402
        1441
        1567
        3480
          84
         660
        1735
        2400
          15
         139
        2964
         776
        2432
        3345
         637
        1118
        1840
        3245
        3749
        3837
        2872
         493
        2542
         832
        1497
        2129
        2388
        1431
        1631
        2594
        1339
        3327
        1708
        2605
        2728
        2286
         629
        3809
         210
         135
        3125
        1770
        2318
        1662
        1983
        1142
        1028
        1448
         779
         762
        2345
        1500
        3472
        4080
        1550
        3225
        2016
         190
        3662
        3395
        3710
         945
        1562
        3776
         322
        4081
         243
        2830
        3687
        3430
         912
        2319
        3998
        3935
         566
        1505
        2918
        3286
        3749
        3775
        3300
        1423
        3975
         965
        2249
        3847
        1859
        1525
        3868
         545
        2410
         992
        1184
        3799
        2353
        1991
        4024
        1697
        3940
        1542
         408
        2503
        1096
        3582
        3583
        2140
         270
        1058
        3752
        1241
        1087
        3226
        3023
        4006
        1543
         232
        2384
        3795
        1250
        1943
          67
        2014
         570
        1026
        3741
        1866
         827
        1176
         159
         570
        3686
         255
        3540
        1436
        1465
        2017
        3821
        2444
        2252
        1150
        2261
         760
        2241
        1607
        1449
        1759
        3316
        1326
        3478
        2342
        2838
         425
         391
          67
        2472
         951
        2517
        3947
        2960
         751
        1712
        1767
          67
         592
        1507
        1451
        3177
        3171
        1994
        1315
        2031
         618
        1812
        1295
         215
          26
        3934
         826
        2380
        3089
        3425
        1841
         390
        2031
        1245
        4022
        2232
         338
        3449
        2741
        2728
        3466
        1310
        2595
        1743
        1919
        2977
        3502
        4050
        2351
        2000
        2203
        3960
         790
         362
        3527
         778
        2187
         221
        3847
         728
        1430
         817
        2228
        2637
        2641
        1489
         988
        1422
        2962
         623
        1468
         651
        1686
        2488
        3042
        2360
        3212
        4083
        2842
        1530
        2609
        2213
        3722
          20
        1034
         368
         817
        2532
        1299
        3722
        2942
        1699
        2961
         905
         651
        1165
        1264
        1385
        1229
        1095
         579
        3058
        2097
         385
        1375
         897
        1649
         826
        3552
        2816
         878
         147
        4031
        2911
         628
        3657
         828
         243
        2400
        3595
        3911
        3509
        3848
        1916
        1299
        3517
        1980
        2523
        3319
        2605
        3676
        1051
        3605
        1809
        1248
         892
        3451
         764
         327
         898
        1070
        3235
         408
        2583
         207
        2158
         952
        3553
        1136
        3129
         584
        2195
        1884
        1446
        3163
        3600
        2334
         223
        2691
        1600
        1650
        2838
        2400
        3810
        1642
        1345
        2789
         390
        1998
         482
        1013
        4055
        2084
        4008
        2433
         696
        3994
        3250
        3102
        3815
        1838
        2129
        3459
        3714
        4016
        3201
        3145
        2118
        2805
        2813
        3413
        1708
        1703
        2238
         231
        2644
        2593
        2430
        1388
        1955
           4
        1733
        1042
        1858
         985
         613
        3869
        1810
        1608
        1643
        1265
         266
        1535
        3462
        1622
         820
        2884
        1027
        1838
        2631
         797
        2133
        1990
         546
        1503
        2464
        1955
        1537
         434
         572
        2661
        3316
        3639
         975
        4049
         536
        3553
        3559
        2794
        3765
        1274
        2359
        2326
        2572
        1421
         894
        1972
         288
        2114
        2713
        1778
        2176
        2407
        2193
         291
         607
        3207
        3463
        2476
        3167
        1240
        1074
        2265
         575
        2086
        3083
        2729
        2125
        4094
        2877
         290
        3282
        1306
         907
        3616
        3492
        1164
         582
        2444
        3809
        3913
        2987
        3095
        1920
         319
        2167
        4066
        3904
        1206
          88
         773
        3287
        2088
        3294
        3114
        3650
        3821
         348
        1286
        1860
         981
        3359
        1009
        3288
         848
         453
        1331
        3401
        4080
         344
           8
        1840
         701
        2641
        1998
         956
        1069
        3143
        3726
        1211
        1073
         770
        2304
        2049
         147
        2751
        2833
         715
         675
        1459
        1224
         429
        2942
        3002
        1610
        2209
        2286
        2501
        2704
         282
        2297
        2376
        3770
        3028
        3313
        3365
        2663
        2540
        3773
        2785
        3206
        3774
        2645
        2341
        2030
        3405
         344
        2412
        2522
        2000
         404
        1850
        3463
        1985
        1691
        1785
        2487
        2188
         872
        1759
        1150
        2985
        3943
         392
         312
        3920
        2122
        3862
        3222
         987
        1999
        1004
        1898
         191
        3677
        2815
        1480
        4024
        2735
        3380
        1992
        1181
        1270
        1246
          67
        3286
         705
        2988
        1088
        2039
        2265
        1568
         872
         361
        2897
        2400
         201
        2499
        1130
        3908
        2896
        2887
         629
        2980
         796
         826
        3266
        1826
        2037
        2082
        2845
        2960
        3971
         343
        3117
        3208
        2878
         135
        3498
        2153
        2071
        1985
        3574
        1975
        2464
        1546
        1797
        2201
        2613
        2055
        1196
        2164
        3927
        3415
        3486
        2730
        3231
        2397
        3363
        1293
        3654
        2519
         441
        1838
        2007
        3550
        1177
        1649
        2661
         885
        2731
        1985
        3947
        3062
        2823
         972
         960
        1886
        1550
        2532
         887
        3892
        3268
        4039
        3906
        1807
        1083
         591
        4082
        1878
         684
        3568
         524
        2851
        1936
        2751
        2320
        1209
         136
         144
        1999
        2073
        2756
        1876
        2915
         851
        3674
        3285
         873
        2743
        1083
        4004
        3763
        2676
        2542
        1379
        2287
        3127
        2740
        4025
        1173
        3491
        3986
        3668
        1818
        1403
        3136
        4068
        2725
        3745
        4019
        3096
          10
         180
        1451
        2305
        2092
        2227
         916
        2619
        1010
         456
        2927
        2889
        3903
        3298
        2071
        2170
        1606
         988
        3963
        3886
        4096
         125
        2464
        3851
        3479
         975
         764
        2557
         751
         986
        2762
        1047
         858
        2037
        2327
        1925
        2366
          28
        3393
        3326
        1243
        3357
         982
        2261
        1225
        3720
        2632
        3281
        1987
        3479
        3049
        3250
         652
        2579
        2975
        4070
        2802
         944
        3486
         497
        2607
         394
        2913
        1173
        3409
        1773
         261
        3503
        2350
        3640
        1825
        3001
        1217
        3815
        2154
        3501
        1646
         461
        1850
         223
         649
        3115
        3886
        2355
         770
         813
        1054
        2241
        1989
        2187
        2828
        1724
        2795
         288
        3907
        3491
        2079
         813
        3276
        2245
        2529
         365
        1123
         680
        3564
        3168
        1137
        1957
         237
        3380
        3213
        3640
          83
        3843
        3202
        2670
        1067
        3530
        3103
        3003
        2625
         288
        3859
        1983
        2228
          68
        2917
        3535
        3642
        1266
        2558
         277
         639
        1892
        2268
        3096
         778
        1115
        3959
         581
        3346
        1319
        3979
        3726
        1636
        3570
         900
        3441
         978
        1359
        1150
        2858
         831
        3001
          49
        3495
        4068
        2102
         862
         349
        1387
         659
        1635
         870
         854
        2696
        2386
        1074
        2556
        3902
        3009
        3329
        3166
        1469
        1990
        3223
        3410
        2324
         493
        1425
        2692
         867
        2250
        1280
        2328
        2223
        2593
        1279
         439
        1441
        3765
        1862
         790
        1472
        4080
         126
        2306
        3058
        3681
        2140
         820
         156
         819
         794
        3606
        1079
        3077
         360
        2949
        2842
        3146
        2265
        1489
         352
        2833
         279
        2126
         693
          95
        1994
         250
        2974
        3910
        1233
         758
        2282
         223
        1169
        3006
        1730
         709
        1816
          88
        2222
        3493
        1107
        2801
         149
         629
        3235
         307
         299
        2491
        2550
        2661
        3953
        2902
        1129
        1006
        2723
        3784
        2408
        3869
        1761
        2516
        3790
        2834
        3839
        3207
        2679
         925
        1100
        3809
         821
        2974
        3363
         581
        2743
        2544
        2338
         746
         174
        1807
         554
        3991
         656
        3391
        3570
        1210
         999
        1994
        1665
         452
        1858
        2751
        1914
        2498
         924
        1676
        3711
         624
         306
        3029
        3887
         248
        3943
        3069
        3991
        1976
          34
         358
        1368
        3141
        3298
        3781
         380
         196
        3038
         598
         372
        3321
        2021
        3053
        2943
        3288
         940
        1448
         874
          34
         170
        3997
         837
        1484
         779
        2604
        2833
        2525
        2121
         678
        2743
        1700
         288
         693
        1895
        2163
        2030
         297
         526
        3745
        1610
        3437
         292
        3136
        1964
        3367
        2843
         658
        2615
        2152
        2834
        2870
         546
        3112
        2293
        1022
         505
        1344
        3179
         742
        2887
        3194
        2652
         239
        3003
        2494
         632
        3274
        1533
        3043
        3963
         536
        3022
        1515
         491
         997
        2728
        4043
        3740
        3883
        2760
        3140
        1404
        1359
        1279
        2416
        2734
        3854
        2869
         432
        1544
        1428
        2138
         835
        2030
        2583
        2184
        2312
         137
        2284
         221
        2255
        2657
         630
        1612
        1183
        3484
         265
        2363
        2997
        3498
        3291
        2845
        3585
        2366
        2622
        2564
        3342
        2327
         590
        3565
        2144
        1659
        3789
        1510
        1260
        1887
        2012
        3381
        2096
        2066
        1586
        2520
        1773
        2344
          39
        1107
        2899
        3354
        1049
        2794
        3543
         890
         417
        1696
        2967
        3776
        3319
        1888
         197
        3845
         477
        1946
        2211
        2645
        1924
        3227
        1022
        2556
        3520
        2244
         663
        3110
        4000
        3375
        3453
        1218
        1134
        3404
        1069
         580
        1346
        3236
        1375
         950
        3276
         257
        2161
        3826
        1679
        3043
         263
        1812
        2788
        1706
         546
        2768
        3878
        4029
         425
        3650
        1184
        3191
        3362
        1997
         886
        1605
        2574
        1120
        3693
        1025
        1682
        1087
        3151
        3350
         498
        2131
        2237
        1443
        3747
         353
        2679
        1826
        1083
         219
         111
        1041
        1009
        2423
        3201
        3779
        1167
         227
        3692
         469
         505
        3077
        3118
        2814
        2331
        1817
         407
        1326
        4027
        3630
        2167
        1577
        2755
        3388
        2530
        2840
         172
        3619
        1485
        2752
        2749
         814
        1582
         173
        2987
        3360
        1574
         343
        2655
        3170
         935
        1145
        2592
        2913
        1183
        2554
         931
         347
        1625
        3544
        1261
         553
        2392
         218
         156
        3444
         493
         666
        3020
        1425
        1553
         277
        3544
        2921
        2992
        2406
        2117
        3453
        3450
        1750
         486
        3899
        1633
        3961
        3096
        2344
        3916
         810
         985
        1241
         283
        1483
        3608
        3444
         741
        2582
         525
        2935
        2899
        3591
        3989
        3127
        1700
        1838
        3197
        3550
        2559
         464
        1336
        1767
        3570
        1446
        3506
        2176
         330
        1875
        1843
        1130
         407
        1095
          70
        2329
        1898
        1269
         263
        3670
         316
        1698
        1652
         257
        3657
        3451
        3599
        1352
        1875
        1234
        2115
        1663
        2143
         232
         839
         388
        2237
        2114
        3534
        4001
        3493
        2876
        1253
        1347
        1109
         482
        3922
         801
        2286
         516
        4022
        1983
        3353
        1116
        3249
        1662
        1122
         876
        1883
        1806
         808
         619
          84
        2756
        3376
        2487
        2854
        1799
        3550
        1716
        1100
        2666
        3816
        2065
         715
        2813
        4069
        1805
        2012
        2378
        3699
        2750
         872
        3226
        1582
        1919
        1381
        3814
        2814
        1037
         706
         766
        3125
        1045
        1386
        1820
         483
        1121
         335
         476
        2089
        2379
        1019
        1751
        2566
        2326
        1867
        3665
        2004
        1435
        1009
         427
        2091
        3730
        3231
        1761
         107
        2313
        2688
        3936
        1952
         573
         449
        2346
        4026
        3999
        2421
        3418
        3326
        1655
        1507
         588
         854
        3216
        1815
         199
         865
        2239
        1406
        2105
         147
         384
        2065
        3910
        1938
        2456
        3038
        1702
        3257
        3504
        3982
        1695
         305
        3583
        3789
        3684
         398
        1874
        3547
         222
        3913
        2496
        3663
        2326
        3334
        2064
        1736
        2039
         562
        2970
        1967
        3249
        2807
        4023
        3679
        1336
        3227
          27
         589
        1201
        2543
        1205
        4080
        2674
         317
        1560
         962
        2011
        1405
        2587
        1493
         647
         924
        3519
        1392
        2334
        3082
        3168
          62
         951
         689
        2027
        1950
        1779
        3679
        1237
        1085
        3546
        3243
         782
        3334
         461
        2038
        1934
        3847
        1091
        3420
        1773
        4034
         141
         342
        2200
        3761
        3271
        2267
         651
        1916
        1291
        2420
         619
        3912
        1016
         288
        1884
        2250
        3316
        2063
        1431
        2135
          42
         905
         631
        2695
         180
         557
        3012
         667
        4057
        1222
        3456
        3621
         333
         854
        3489
        1956
        2070
        2244
        2276
        1747
         995
         574
        3944
        1983
         697
        1250
         124
        1740
        2441
        2927
        2439
        2695
        1338
        1494
        1984
        1524
        2511
        3232
        3198
        1485
        3721
        3961
         109
        1797
        1261
        1250
        2878
         187
        3895
        3109
        3581
        2187
        1546
        4041
        2040
        3910
        2758
        1508
        1051
        1807
        2865
        3934
        1940
        3055
        3314
        1743
        1894
        2180
         742
        3763
        2713
        3695
        2689
        2064
        3740
        2498
          76
         241
        2817
        4002
        3337
        3847
        3684
         174
        1764
        2336
        1709
        2098
        3834
        3809
        2515
         638
         324
        1083
        1850
        1994
        2148
         250
        3788
          92
        2765
         289
        3325
        1862
        1875
        3795
        3396
        1654
         968
        1981
        3473
        2613
        2099
        1062
         671
        1114
        3219
        2354
        1977
        3962
        1556
        3269
        3206
        2554
        3177
        3232
        1586
        2580
        2468
         196
        3297
        1904
        1297
        2965
        2891
         385
         291
         882
        3208
        3806
         478
        1246
        2343
        2613
        2440
        1204
        2859
         177
         968
        1916
        2635
        3927
        2297
        1427
        3379
        1319
        2457
        4082
         802
        3196
        2719
        2837
        2615
        2572
        3086
        3075
        1128
         683
        1713
        3162
        2165
        2110
        3765
        3253
        3798
        1646
        1339
        3344
        2575
        1185
        2802
        3198
        1751
        3276
        3942
        3688
         484
        2936
        3988
         195
        2713
         744
        1044
        3864
         114
        3151
         710
        1010
        2303
        3441
        1309
        1865
        3386
        3684
        3040
         311
         164
         939
        3913
        1923
          95
         600
        1739
        3993
        1217
         190
         200
          92
        3008
        1798
        3433
        3172
        3479
        1001
        1336
        2305
        3627
         877
         192
         641
        2545
        2285
        3759
        2166
        3242
        3073
        2505
          80
         417
        1177
        3169
        2082
        3289
        1787
         314
         171
        1529
        1571
        3228
        3268
        2652
        4084
        1384
        1974
        2760
        2103
        3452
        2795
         221
        1004
        1704
        3075
         787
        1006
        2674
        1663
         671
         360
        1565
          74
        3540
        3215
        2918
        1376
        3001
        2592
        3828
        2619
         920
         881
        3248
        2378
        1172
        1062
         841
        1116
        3586
         659
         468
        3739
        1255
        1431
        3390
        3306
        3607
        2318
         444
        1049
        2619
         218
        2077
         237
        1921
        2902
        1827
        1768
        2430
        3673
        1227
         341
        3615
        4011
        1371
        1667
        1543
        3762
         779
        1023
        4027
         560
        2678
         873
        3321
        4009
        2293
        3986
        2445
        1724
         128
        1095
        1879
        1379
        2146
        3383
        3039
         414
        2038
        3910
        1651
        1958
        3285
        3529
        1132
        3858
        3710
        2788
        2992
         282
        3794
        2087
        2032
        2589
        2537
         461
        3119
        1976
        3016
        4003
        1173
        3607
        2628
        1309
        1265
         914
        2757
        2093
        1149
        1320
        3053
        4022
          61
        1971
        3579
          17
        3030
        3201
        1467
         323
        2034
        2026
        2773
        2302
        2570
        3029
         794
        3307
        1384
         918
        2987
        3629
        1947
        1701
        1689
        3788
        1933
         191
        2054
        1035
        3781
        1096
        3584
        1052
         895
         102
        3333
        3718
        2755
        3323
        2055
         810
        3984
        1293
         806
         271
        3395
        4074
        2105
        1707
        3610
         952
         101
        1125
        1603
        2028
        3726
        1752
        2256
        1037
        2605
        3437
        1931
        3069
         132
        1171
        1891
        2653
        3837
        1852
        3126
        1598
         945
        3630
        1413
        3352
        3088
        1999
         759
        3166
         469
        3105
         270
        3506
        1249
        2762
        2265
        3400
         269
         180
        3889
        2676
        3068
        1933
         838
         928
        2587
        1254
        3987
        3410
        2925
        2822
        1040
        2654
         522
         328
        3794
        1043
        1465
        1866
        1511
         505
        4035
        3776
        1315
        1806
        3284
        1649
        2988
        3703
        4035
         525
        1902
        3813
        1854
        3213
         487
        2526
        3161
         981
        3372
        1859
         397
        3285
        1889
        2921
        3353
         832
         185
         181
        2252
        2879
        2141
         706
        1477
        2663
         452
          97
        2242
        4071
         416
        1524
           5
        1155
        3092
        3203
        2723
        4056
        3472
         354
         841
        2826
        2748
        3112
        1604
         136
        2831
        3948
         453
        4034
        1524
        3343
        4066
        4092
         616
        2588
        1795
        2821
         994
        2881
         542
         862
        3403
         173
        1094
        1019
        2520
        2116
        2938
        1332
        1594
        2072
        2410
        3935
        4080
        2971
         730
        2570
         371
        3825
         910
         929
        3913
        3033
        2864
        2504
        1254
         996
        2357
          46
        1278
        2847
         829
        3196
         303
          27
        3015
         651
         309
        1767
        3954
         728
         562
        2211
        3134
         744
        3395
        1233
        2063
        1001
        1423
        3524
        1876
        1925
        2784
        1416
         963
        2684
        1625
        2699
           9
         658
         683
        1287
        2492
        3084
        1704
        1468
        4065
        1930
        1590
        2833
        1059
         440
        3850
         639
        1122
        3921
         205
        2949
        3950
        2486
        2916
        2481
        1104
        3687
        3494
        1804
        1880
        2211
        1950
        3351
        3409
         217
        3565
        1484
        2070
        4083
         382
        1194
         845
         299
        2789
        3302
         729
          33
        1217
        2167
        2625
        2189
        3494
        2017
        3698
        3114
        4052
          67
        2891
         958
        2228
        3072
         773
        2746
         268
         770
        3322
        1537
        1634
        3650
         746
           8
        2855
        3733
        3376
         511
        2898
         480
         606
        1189
         104
        1614
        1563
         979
        3612
        2822
        1606
        2915
        3378
         291
         732
        1406
         117
        1596
        2888
        3832
        3933
        4078
        2731
        2759
         633
         757
        1599
        1808
        2527
         640
        3521
        4034
        2564
         109
         758
        3697
        3360
        2404
         744
        1514
        3101
        2358
        2045
        2785
        1010
        1140
        3094
        3502
        2438
        2395
         836
         947
        3250
        3080
        3094
        2148
         604
        2767
         360
         400
        4041
        2145
         503
         880
         127
         571
        1535
         195
        2430
        3907
        1816
        4064
        3393
        1642
        2377
        2718
        3059
        3982
        2434
        1155
        4000
         484
        3520
         790
        3084
        3502
          33
        3281
        3705
        2490
        2755
        2753
         983
        3102
         737
         706
        3816
        3248
         432
        1883
        3626
        3334
        3165
         507
        1725
        1050
        3146
        2106
        3583
        3815
        3412
         100
        1349
        1812
        3397
        1166
        3374
        1079
         524
