        5287
9307
2725
3973
3389
9697
7086
8207
8133
6377
6067
1579
6894
2502
12476
7595
227
4051
7132
8717
217
3424
5940
10794
2951
8037
585
6744
10436
4276
11496
9059
9616
3339
8653
8442
12057
12519
6457
5540
4087
7781
2174
11942
6903
6932
7281
4765
6291
2482
7769
8237
6158
9623
8517
12566
11462
10104
12603
8301
3963
3063
3654
12108
2837
8718
7064
3306
2219
10877
11173
5877
7835
8121
2450
1167
9109
3308
3798
4884
1995
11193
12405
2436
8663
2597
12376
7755
9495
11901
4551
12605
9969
7337
2346
8155
10431
1994
7719
8490
4858
10537
7022
12660
11975
10468
696
2593
8137
1353
2110
6684
2696
3446
895
262
10380
6978
12130
9272
6966
9991
555
3241
7925
4608
2859
11743
2624
12313
11160
8938
3074
4881
11678
5019
7000
9358
11638
4259
1982
10702
7967
10241
655
9526
7757
12196
2682
11472
6168
4371
11352
8315
6493
7939
7215
4062
11221
2701
1700
3343
8856
3102
10942
8704
2042
4487
7916
5373
10250
5174
7020
4414
9898
2614
9814
6902
5855
2564
9700
3775
2609
8173
4250
9857
5502
938
8812
12512
10467
2052
2582
5702
11498
10215
12035
533
2981
5969
3879
5299
7339
11343
11435
9037
3829
6643
7344
5980
8182
7593
8300
4512
7177
9892
8565
48
5506
12462
868
9480
4353
859
10686
5339
705
11641
3907
1532
5164
12223
5261
7709
9524
12605
2956
4692
3967
12433
6107
5297
2712
11539
789
10884
4167
4500
3479
12555
12166
11262
6111
5118
9531
6833
7295
1445
1290
5885
8585
8098
1004
11136
9464
10224
3247
11540
1088
9946
556
5919
4766
11459
3877
2925
560
11194
9949
7692
11907
830
9573
1928
7042
1934
438
4304
1456
3644
5713
1493
5254
1897
825
2691
11156
865
6277
12533
5173
2627
11842
11492
7237
5313
9554
1332
12516
2105
5246
6306
4798
10624
3256
12221
6598
9462
8237
412
1813
12127
2611
11047
2913
7638
10917
7168
8957
3304
8303
11422
12014
1288
10604
11031
6373
8926
7192
10289
8659
6198
10418
10477
3004
1306
9128
7169
4499
4574
2765
3348
11158
2845
2404
2937
4650
9462
4183
9002
5196
5684
4422
10670
9826
8568
11325
10886
12730
8444
10960
11644
10909
2663
8275
1765
2483
12460
4648
2079
217
6413
12522
8200
11392
10913
8072
768
4226
3889
1595
11682
3261
2127
3576
12717
7430
7124
7621
9868
10957
8165
7414
1822
11465
1162
12412
4897
12437
2469
8141
5825
5900
11763
7690
583
1161
6385
7801
983
6101
10715
1536
620
9019
11661
4066
758
1276
12404
1031
4803
10453
11633
5844
10663
4135
3587
4482
2361
3945
2052
11014
11173
7375
4796
1802
12631
6661
6874
1798
6054
3853
11424
9328
9904
3316
4298
9002
2179
4289
8496
6952
5494
10698
11868
12466
6963
9474
12407
7032
2694
8830
7351
9458
1584
4467
10148
6377
10668
1167
11049
4023
5012
5112
4965
5886
10042
9702
12242
4655
207
11661
8437
8672
974
2086
7637
4979
7366
6703
7374
12600
9886
10968
2949
12395
3974
3399
6996
2966
9251
12441
7841
7386
8287
10145
2807
7254
1515
12085
10420
3585
6955
9380
7376
6406
11490
10081
1371
7192
9283
1315
762
8046
6636
8060
9526
2774
3585
4990
67
10969
10841
1335
10578
5295
7698
8351
941
4261
12318
7200
8312
5518
12425
1522
10032
10839
8179
6603
9256
1922
187
4860
4644
9854
1993
6407
12542
10010
4935
11380
11784
12710
5763
9655
2522
9297
1580
6226
4487
7446
8934
7834
6814
8521
6685
7707
3126
7265
12695
8724
10250
12546
6220
7129
10946
4590
6585
6936
4028
10765
5041
4612
4345
9012
10742
9446
9507
12232
602
4562
9102
10901
7811
3021
1563
2608
3645
11464
10180
4991
12139
5830
12805
7569
8651
1794
12220
4736
11151
10962
4651
780
917
11864
2937
365
699
404
975
5826
6613
7396
1149
8018
6994
9564
574
7508
2724
10628
4970
7335
4987
9417
3691
194
9098
1792
830
290
12814
8231
9878
603
1160
11655
4240
11278
6320
9001
10773
1114
5238
8161
4650
7567
4054
8202
9106
8277
523
1631
7684
5866
11201
3272
10137
12834
2168
8309
9920
4070
7776
3847
2659
12351
7580
731
5674
10693
6241
11767
12460
9192
3266
1393
3924
7903
5004
9862
1335
144
12732
8795
75
12383
4152
3984
6336
2354
12459
2248
2816
6990
6731
6974
6630
7749
2643
12279
3722
1128
3023
8997
10150
2545
3674
12758
8508
6431
6608
8884
7782
908
5224
445
11246
3782
7314
10434
12191
2231
10659
6948
267
4440
4397
10419
3446
8767
12059
12190
11717
10555
1605
5241
2262
12070
4784
10570
9685
11641
4635
5301
9754
9941
1710
6059
8652
5876
12470
843
4334
3182
9730
3601
12574
7263
12443
8615
7106
4246
6088
2017
8911
2136
5813
12763
6132
5027
12692
10595
12298
1590
5141
10323
6520
10074
1757
925
4800
4636
12228
1442
2432
12168
483
2444
3439
12073
7107
5176
12408
8603
6368
8889
4152
6519
8402
5858
2175
10501
383
7028
1678
3556
2049
10990
11588
83
3903
3576
4018
11336
92
8276
12529
11655
11469
4248
11205
620
888
725
7425
772
9768
4397
10176
3764
3403
11395
3332
10740
120
10296
10847
6566
11247
10266
8051
10354
6874
4913
176
6636
2853
1015
8008
2564
10676
3637
4194
4508
2821
6521
1458
7774
11453
735
8700
10815
12240
2916
10216
9466
7717
641
37
7271
4740
2119
5116
9895
11520
8551
5555
777
8218
8068
1792
2979
2098
367
5045
8877
6804
8786
4481
6735
10517
398
9585
866
3173
5102
10942
2467
12456
11956
8475
7748
9922
8558
3282
7442
12553
3855
12190
5547
11558
9085
1448
9563
8640
3806
8494
3502
8655
7272
9288
8167
1281
5106
4283
4
9566
285
869
6322
9920
3281
6461
5335
9493
2485
12531
429
10034
1109
8106
5844
10457
8634
2602
10804
10403
7456
5129
9214
9221
1160
12231
9649
4012
1197
9564
5474
11638
6459
7052
11268
10450
7469
9497
7131
8689
4181
3506
10820
11220
1258
10200
8338
5143
2462
7679
12265
10737
6724
11211
4761
9146
7986
9079
12081
1417
4635
12802
12452
9828
3714
11916
11996
9340
2212
6279
7653
12672
11404
7613
1931
11101
3924
11444
12557
1985
7931
11570
2096
8446
6339
7749
5698
11173
10043
3697
12143
209
2407
1140
4465
1133
6097
7645
9602
2405
9386
10836
5120
10171
3710
6260
12233
1850
12819
1505
8043
6045
4957
1499
3879
2630
3046
5272
3393
2119
4524
9530
3468
6417
9126
12606
1425
1714
5827
12676
5750
7707
10416
3157
8705
6653
1326
3228
9677
65
5918
5301
11589
6635
715
10878
12484
4100
4741
1866
7134
4609
17
8020
9425
4129
10967
1378
1450
6072
9462
9290
6409
8375
1209
5557
901
12681
12132
7091
12155
10892
12180
3171
12886
11372
9114
10044
7086
2062
12548
6661
3033
5111
10388
1586
7753
6018
314
7903
3491
3835
565
4102
4020
9583
10908
11098
8270
9590
10430
9384
12367
2127
7575
4138
11178
8061
10929
560
10866
1641
9645
6196
5835
9802
4457
560
8864
4313
6339
5398
6559
1730
5669
10868
5192
1772
7017
2005
6333
6788
3529
11889
10668
3538
953
1435
4658
569
9312
2696
7280
3878
284
8155
6810
689
9765
3536
7608
1433
2688
10524
7482
12434
54
2269
7974
6840
5133
2086
1333
3674
2683
6495
4129
8212
5454
6141
215
1762
9026
1623
1746
1089
12613
2754
7718
3233
7077
395
10887
8333
11166
2417
9054
1482
9586
12312
6354
602
10660
4088
5913
10167
5315
10727
10436
1332
1382
6933
7226
694
1389
11277
4407
8234
4836
9121
4627
11103
1299
4408
12401
4325
2958
4213
2899
3448
6102
10683
10049
11502
9975
7045
6945
11246
2508
6942
11326
3260
4096
10436
10570
8263
10082
7621
9224
1560
10433
297
11914
8788
11455
11025
1711
9594
6908
1601
11799
11043
6292
12567
1918
278
4371
3339
6486
5278
6890
7140
8409
8599
7817
10900
9506
9645
11863
7670
804
12631
8125
11130
4332
2445
5176
2453
1538
7582
441
6725
6657
2001
593
7133
9386
9760
3683
1708
912
11262
4298
29
11643
7615
11972
1058
6144
8232
12478
9638
6482
12498
9848
4253
6749
2062
5944
8130
6162
4600
2690
805
10163
4167
9622
1399
7398
870
12221
6656
3459
795
7592
9563
1530
10747
12496
7798
861
12548
11580
8049
6333
2441
267
1593
8713
10920
3301
2924
10317
2025
7500
4646
3533
12304
12217
1964
3512
12065
8748
10502
12637
4758
12447
2384
3459
3465
8258
77
7600
10408
2217
10794
9250
9472
4084
4925
3574
7368
1391
1331
592
9319
2792
312
1160
11124
1133
3806
9197
5032
9336
9397
12001
4517
1728
9824
4415
5966
7570
1923
12409
11608
1522
11175
852
6274
12801
1481
6717
1223
1906
1325
9580
8594
7666
1139
9052
3979
1567
12326
11249
553
7101
9665
9922
824
1477
4332
5388
3010
8644
2092
11116
5692
971
6679
7607
2150
4741
11463
8795
5426
3369
10524
5584
12564
9427
4274
12128
7973
3269
1431
12754
4978
3410
8959
5831
8355
5830
1074
8122
11226
11443
11236
8820
5404
1645
9426
12516
5937
11853
7139
7148
8445
9450
9342
9486
1807
3364
1222
3585
10116
9274
7468
5597
11800
3705
11190
12500
5177
8618
3411
7648
4281
12710
5605
5423
837
6373
2230
2246
1000
3800
12
8758
8727
3379
9780
961
258
6056
12612
6156
9153
4380
155
53
27
2539
4517
12251
3930
10128
7404
80
9367
11723
6487
10888
10270
5563
12388
4462
8971
9066
2095
1749
7637
4984
337
6207
1460
11274
10943
9933
9999
7978
1417
11386
6164
3699
1135
733
10185
9987
1789
4666
7731
63
9980
9635
941
10665
4435
6211
3187
511
2593
5992
6846
3169
5535
9175
1110
3045
835
5730
8333
7184
7836
7075
7982
10968
4463
5241
3173
4600
8930
11951
12337
7300
5657
9919
2286
10982
11919
2407
10200
12031
2381
10137
4600
11655
11771
9496
3519
5594
3392
2984
10246
3149
1122
7006
1856
5812
3669
10634
8709
2923
1995
7798
1357
831
1180
7216
9763
4247
6736
11084
12673
12532
8398
2836
495
7892
10635
454
5793
12090
10746
9015
6235
1653
2234
10205
7915
609
6890
9207
9730
5636
5044
3779
6723
7134
1645
8625
9154
8035
10413
4325
6140
11822
1027
2219
6518
5195
10953
3160
6127
741
1437
5696
5965
12187
5385
3040
389
3858
8116
2842
3513
1181
11885
1195
5337
8138
5180
9672
2486
12312
774
1354
3608
5688
11925
3305
3085
7623
11244
9707
6661
11204
8806
6834
1689
3434
317
9088
5382
2861
1024
9287
12835
12735
3642
7595
7395
529
2604
9010
7260
5388
1413
9196
7163
2029
749
8807
11326
5156
12483
2332
2832
274
8203
5586
3430
1302
4273
11650
10091
9799
10598
7324
3712
8576
6468
11735
12225
6831
11512
12755
7595
2009
8156
4876
1159
4313
7506
1119
7247
7518
9726
9497
9815
8204
9795
5387
788
9547
9512
2082
9882
8513
1997
10201
2703
12838
4604
11864
4810
8154
3326
8400
9198
3683
1358
11660
367
10543
891
7391
9151
5938
12123
1897
10268
6074
6220
5008
5371
4647
441
2050
8435
5430
8681
4751
11083
4066
8579
11683
2851
7635
11321
9290
6667
9161
5133
2046
6412
12481
12215
9935
4009
5031
6020
8716
4790
4153
7711
6273
1324
10565
9886
6109
10720
7864
8746
12218
817
10544
7154
12600
8512
12178
11031
9281
1892
1755
1463
7277
3124
1037
4110
5502
12617
7146
840
5761
11190
3744
11711
6054
5407
7978
8678
1467
12433
6789
3031
10806
10358
1896
6303
3522
4203
2794
12712
7398
9501
12136
398
9224
12746
10869
3468
2049
9603
5921
6712
4901
2880
3037
12486
994
4947
6389
8223
11349
12678
2426
5384
7896
11503
2172
1374
9528
6425
4839
9754
7379
8535
3863
1534
1770
12062
12
12703
12599
11338
6393
3072
7898
8602
6635
492
3560
5437
5181
2376
12348
11032
6639
985
2439
1363
12060
12574
3334
8552
4462
8641
10777
11987
2853
8032
11822
3988
8212
10596
600
2393
11330
12520
7106
11818
7686
4279
11356
2302
336
4203
2965
8515
3584
5034
5024
3284
11514
935
3308
12231
8793
10031
12209
9699
5709
4223
12164
7862
4177
2338
3318
1764
1054
9701
4845
4157
4840
9834
5245
2845
8674
4500
2176
10195
3168
2795
2160
12546
11798
9396
11911
4279
1645
208
2958
12158
11346
8685
6473
5458
9256
1450
4606
5772
2938
3010
11340
5815
5779
7572
11787
2978
328
12453
3347
7854
59
4478
1677
9176
2179
11894
11236
6212
1506
8108
10130
1220
7588
4352
3671
5029
4247
4450
6468
12821
9146
3198
2326
2472
7091
9209
8803
5442
11967
11954
4775
7896
7523
1725
2123
10919
5186
12270
859
6270
28
1801
2940
1676
2073
3827
7338
1302
11377
2753
1652
5523
4113
5768
9028
5766
6717
3283
10687
10796
11911
10782
4981
1359
1920
1668
10525
3167
2503
7984
6329
3811
7179
7399
7535
10439
1391
12066
5964
6520
2040
10476
3588
4574
8990
7612
9455
11084
5743
11828
3911
2813
990
12500
7345
9700
6513
8422
7211
8489
10199
4547
1652
2757
4310
11013
342
6166
3275
5440
2695
6004
7475
5876
10386
1694
1030
10335
12110
2331
5765
11471
522
4723
8018
1958
9239
11399
9641
12714
10252
3530
534
12202
9322
831
823
11420
11450
11699
5934
1966
3935
2860
12689
6572
10816
3450
3656
8404
12694
5868
786
7398
2270
3726
2692
6704
5562
6057
9991
8915
1240
10759
8819
1791
2832
9992
1339
10320
408
12267
2128
6099
12866
2700
9905
12752
1933
7629
1907
7793
1934
456
2548
2743
3160
9653
7908
11351
5068
1673
8172
4132
3046
8367
5827
9050
362
12499
6071
11106
4821
11561
5340
5060
9559
7285
12669
11845
2212
3190
4822
2949
5740
4355
9586
8686
1256
6948
10252
5447
9381
11552
3757
12147
1060
1926
10715
9570
7529
5364
11381
12233
6468
5016
1302
7705
10311
650
6902
11039
6924
5902
6795
11770
11161
1449
2567
7231
2138
7978
4439
2054
11098
11655
10626
4423
4402
6258
96
131
12082
5385
2156
1755
244
3056
12730
7503
10123
10291
6886
9819
1963
1506
2834
4259
1020
4155
8539
6376
10307
6810
4609
2312
7862
311
450
11431
7505
5641
11070
5399
1423
8614
4005
11476
967
3914
6086
7361
12849
5317
5947
12832
8714
4200
9558
8588
3990
12515
1527
171
10154
9805
9946
12849
11195
4826
2181
10219
4920
11426
3046
714
9423
5845
1752
11463
3334
2306
2493
6823
2471
10052
12282
5666
6711
10251
5415
3198
1669
12361
4806
8222
12494
4069
1651
9078
5546
4137
12379
5208
1473
7473
1466
10182
5603
6427
2948
316
2750
1648
6626
1373
3967
10534
11189
7248
7049
114
8954
5901
12007
3113
8419
2187
6211
3672
10955
3875
6504
6015
10238
11209
12740
8974
6901
596
1973
9768
4188
5356
9445
7244
10133
6339
8115
9020
6301
12500
11329
840
6582
920
3052
5544
3497
879
6690
7298
3820
3261
8688
1980
10958
7393
4823
4902
3999
778
3072
6830
7134
9526
7515
6478
1149
693
12402
7114
5019
11363
12838
8214
6375
9277
9029
6001
2620
543
11651
806
12182
66
10714
9704
4531
6217
6182
10455
5884
11320
9661
4508
6600
9432
8250
10848
1076
3216
8580
1266
7862
9952
11110
10356
9389
3789
7197
4968
10297
1297
11398
9278
7979
4538
9790
3124
12336
5912
2282
1880
4584
2842
7946
10970
3617
4824
7042
4936
10034
799
4844
11040
2661
5129
4592
5478
6366
9806
6771
6426
4513
2576
12291
5045
4814
1212
1287
10892
7278
10556
2377
10339
6076
737
11486
6281
11183
2340
11780
6109
1297
8994
9691
6920
10641
5807
2429
604
8571
8806
7513
10676
5576
5425
7326
2223
5007
10945
12721
4533
3800
4236
5606
9455
6704
7072
1785
9662
2121
7339
8152
7733
7369
12265
5465
6724
7775
9393
8058
5367
4961
404
5863
11706
1842
472
5124
10862
11984
3010
1862
7865
4888
3318
5816
4708
489
3709
4769
4882
4760
5611
2889
6854
2635
1073
5321
4725
1725
11841
6461
9096
3150
5405
11482
7692
4696
10622
8437
835
10581
7025
8065
11688
4950
9500
708
3888
11632
2215
2022
2788
7725
4553
9446
2983
3278
5377
4539
12144
7539
12591
11476
5653
9475
5420
2033
3468
2909
6572
6527
1823
2706
3316
6311
1635
1645
11975
11089
4622
10314
2920
5691
7591
5871
5245
10969
10464
9979
6642
3764
452
9246
7773
7102
8881
2916
10871
4458
1283
7245
10715
6121
3148
2909
11503
12695
42
12392
8708
2430
6869
8708
5259
1490
8822
663
2837
7655
478
983
9613
8951
12797
5547
2625
1686
7721
1964
2834
12574
10284
6931
2440
4159
5961
4192
8783
1267
3646
10482
2737
8220
10221
2938
12754
6000
1346
4838
1845
7830
11321
5444
1506
10152
3868
1326
11619
1285
511
9911
440
12352
1449
10514
10213
5717
12815
1055
12198
12030
10694
10504
8413
12606
3496
2885
1204
4709
6617
6024
7225
5891
4191
3246
9556
6568
11670
4525
3529
994
9179
4260
2518
2887
4174
9029
4956
1959
5928
4916
10677
2629
743
9803
12488
9074
473
2719
8223
112
7156
2947
2915
11711
8097
7915
12285
7538
2428
10843
5809
3177
12854
2389
11647
8689
9143
74
7815
12718
1965
3529
6530
1638
6057
4566
4975
5110
11836
1439
11210
4943
4299
570
9004
4588
6894
5329
11217
11198
11651
9392
3862
6127
10822
7937
11271
4366
1455
1177
12515
5863
12549
1046
3481
2273
5514
348
9962
2792
4339
3167
6914
9841
12079
11538
9250
10864
10540
12409
4396
11805
11372
4094
12869
11558
5482
966
10032
9466
7723
2967
1344
3889
7509
2131
4199
10518
11248
6068
2369
9272
8399
11902
6236
4551
6444
9748
12556
4981
10921
5529
9839
4136
2858
7638
2265
8235
9843
11674
11172
5506
12170
2379
11146
11954
5294
5424
10859
6334
4118
10983
8011
90
12531
5636
2675
1177
1449
7017
9898
5696
5193
10945
7671
8641
1079
6084
2971
982
4543
5440
2549
9143
741
8201
12696
443
11574
10875
8881
7064
7468
1699
4764
568
8209
496
9024
452
2496
43
8004
9082
722
10536
416
10976
5837
5259
6377
10340
12243
10939
267
11189
8040
2124
10925
272
6750
1071
4987
11944
5536
8034
10240
454
8066
10025
11593
2349
4978
7579
3114
6789
10336
11923
539
2171
1790
5448
8266
8246
9153
3575
8346
7587
8116
9444
12832
12625
483
4859
7489
10339
10118
1597
8647
10801
2449
6289
391
1704
1178
2518
12045
9643
2396
5218
7674
10083
10029
1034
4041
1892
3650
4832
9341
2226
12558
9257
3827
9728
4145
4698
7791
392
122
11673
8304
1046
3131
4626
1076
12405
370
4234
7485
2046
1284
156
5224
7562
11819
11783
9936
3486
6504
4129
10953
7207
9452
1371
7647
1047
5705
1383
1243
12022
7278
10239
3692
6569
4903
4105
10697
9321
7362
6206
9024
5879
12653
7058
10005
9277
9616
12045
3450
405
7111
4374
10305
12204
7494
830
9023
1081
3397
10841
1034
12171
1175
276
3637
9917
10048
9075
12224
10169
9074
12384
12289
1676
11098
9592
6473
10433
12351
714
11785
6550
10395
10038
9575
510
8980
6718
6608
1904
11200
9250
7897
8501
12338
2535
4704
6623
3273
3821
853
9949
9465
10175
12041
6158
5671
2651
903
6444
7481
6328
6472
4715
1440
939
2872
11955
3850
173
11911
5584
7409
7045
11743
5109
5241
2255
1504
4012
4056
8814
9625
11993
6342
8123
9271
11507
6193
1677
905
8767
11322
2724
60
4771
5537
2187
11623
5135
6645
11425
11440
10398
12097
5527
4157
7117
2988
9885
2295
3075
3368
29
8492
8000
7710
3842
530
6124
3755
7806
4320
10403
11786
1837
4036
9754
360
3465
1467
2055
4606
4769
4759
5885
3641
10836
4314
7215
5149
6240
10229
11722
3036
3925
8699
6305
8997
2327
12496
3759
1282
12639
10912
356
9663
1329
10945
1444
7304
985
2748
7878
6386
7523
4823
11513
6352
4846
7028
4600
4456
1677
9035
5470
6255
8665
4762
11398
6938
3886
7172
7954
8726
10370
12479
11771
12318
916
7924
246
5452
415
9187
128
6840
4539
10757
10848
150
2137
9077
314
10797
3726
10648
12104
1950
10454
10302
6833
225
3035
10794
12048
12305
1716
5162
7340
2421
999
12511
10325
7702
3134
9617
6436
11582
2363
570
7119
1877
10972
7162
8212
2750
4790
5070
5892
8362
9467
9439
6416
5542
3165
2790
10754
3776
12314
11307
5760
10500
7916
7787
6745
2752
2968
1748
12006
6020
7133
6182
12734
10872
1368
3836
2048
8068
12728
3369
9887
7819
3630
6206
11837
8487
10202
2601
10729
5466
216
5904
2617
12340
5478
6572
2292
8409
1697
2774
833
6248
8483
8590
10622
3141
7557
3157
5468
3023
5539
664
11485
4608
5532
9832
7045
2566
2415
1790
8437
4746
3647
10969
1451
12194
3440
12688
10339
11549
553
6576
2225
9626
3626
7517
834
7761
120
123
8725
9010
1057
4126
5776
4276
6098
12046
4902
4466
3442
10099
5296
2964
112
4997
312
3698
11019
10525
9318
602
10989
8155
10281
6652
6790
3100
9753
12737
7507
8780
12143
8033
4580
5441
1381
44
1921
11286
3912
2177
9942
12290
1232
12401
202
2870
12409
6718
3585
6299
8965
231
7753
10930
10142
8464
7581
9307
3989
10365
6003
12598
1020
114
4951
9420
9861
2385
8359
4403
12706
9477
115
9284
4726
601
8145
4547
1432
11194
5239
7990
134
9616
5422
608
9834
2244
138
1931
9344
7326
6436
3365
4981
12169
10265
3975
2520
8381
9852
6781
7158
5956
11899
12160
5809
10918
10453
378
5539
10125
11362
5812
8032
3003
4991
499
9290
10033
10455
5616
9970
8261
6875
11689
3485
8632
9380
11781
10929
183
11623
8159
1094
12701
7885
5774
6230
6061
8308
8840
9999
6862
5196
329
6954
11116
12542
5860
11757
6928
1216
1646
10024
2603
10644
7634
6297
10735
10789
5832
6866
8070
5395
1433
9245
10044
11931
5573
4557
10800
12725
3194
3351
6323
6777
3678
9816
3404
7157
4380
8856
2900
7220
2274
9765
7872
3398
2478
8754
5186
6423
4431
4419
8231
543
5246
10277
10568
7778
12015
3642
1139
5719
10225
5927
10167
5205
11311
10299
6599
6695
9003
2114
12773
6428
7851
12744
10075
51
2690
5537
10103
10485
7528
4682
512
1139
522
2153
12836
6048
5182
9764
983
7366
2059
4992
7801
3749
4185
5025
598
1546
7019
6028
3801
8786
12553
5884
1251
4558
9819
10751
7991
7435
11543
4870
3962
4952
1286
12174
7444
10015
12172
5623
8981
11620
2826
4169
7482
12646
5899
3721
10428
8217
11570
7951
1333
2225
6295
9612
10955
167
11840
474
9941
12070
7915
8256
8979
5451
10748
2905
7781
6685
2191
12872
11766
3395
4289
6835
5618
1260
7819
10458
5422
7053
5325
11684
8659
1913
6817
5242
2623
4501
4680
11264
507
11795
5623
7547
3182
7494
4014
9044
2639
6093
11012
8311
10715
10518
11458
6400
1526
12412
10822
11301
654
6601
1736
2026
2275
4776
3031
7388
7346
9941
12797
11992
12551
364
7330
4810
8797
4637
746
2062
3022
12856
1459
11158
8159
973
9079
734
1432
9277
12025
4113
11422
515
8594
12218
10166
2493
4503
10243
12707
6637
10478
1901
11859
9784
4695
5914
2934
4189
11354
12468
9411
10589
12421
12330
8907
5527
754
10146
4739
6426
6627
6993
728
9491
11627
8701
9580
11087
2277
12600
4531
889
1240
2977
1063
4881
9519
9750
9271
6932
5299
1126
1198
9543
8104
7515
12689
4806
10990
5406
9358
1543
8429
10292
7555
5366
4298
528
11924
4395
11654
871
6298
2287
5517
6003
7581
5211
6036
3044
10431
10497
10023
4025
1168
9299
3275
12583
9140
8953
9183
11701
6241
4971
6425
8783
3362
644
6122
12879
10810
1850
9927
10890
6210
12166
3305
2244
1194
6521
10185
6142
979
8456
9788
3340
6676
9268
87
94
7497
5341
6462
6658
1048
11942
3827
9123
8527
2556
9591
2248
3061
12633
5114
2987
11934
3741
1710
1063
7046
10273
581
11232
316
9760
4391
8545
12582
5083
7863
5037
9494
3041
8281
8430
11585
12240
1266
2448
3876
9374
9604
5147
11218
6092
11169
11117
1171
10140
6806
1170
6681
2095
3199
6838
10952
4111
7069
8960
10134
3128
8241
7419
8039
65
8882
5026
10812
4812
5208
7253
11112
4863
5428
10913
5432
9506
956
2028
12194
7463
7427
11114
1521
3672
10509
5527
689
9967
11233
6648
10220
1357
11074
3354
10433
882
9219
10622
10141
5494
11640
8855
5327
5486
8997
6161
7341
10367
6375
12366
8408
10588
9207
2753
11640
7594
2481
5178
8066
5920
11770
754
1618
3882
12211
8905
4656
2486
1301
2774
3418
12036
3741
8154
1621
2580
5858
7114
4663
10222
9672
2115
10634
6311
7547
12175
12599
6319
4210
6760
11589
11957
7913
11362
5495
10013
1073
8337
8611
3059
5624
4328
2440
9306
8462
3872
12150
8606
7137
11346
3142
2459
5502
11293
2698
310
10370
12637
771
10174
12406
8436
7497
2704
1693
9225
10359
11941
10987
8498
12672
5301
9042
11986
1140
8838
4960
7137
6559
8362
10082
5579
10240
890
3911
5418
4515
353
5024
6674
3396
11529
6404
6089
9105
2171
52
8926
12632
12184
605
1541
8549
2055
7169
11590
5469
8870
11995
11169
6110
11095
8662
10078
2934
8716
6093
3895
7013
10743
11928
1478
8137
5794
2602
2253
7176
9174
1173
2599
11508
12708
6499
4235
4026
4923
9574
12091
7332
5670
2172
6595
6925
7626
4729
2152
12178
8640
2453
4403
3010
2404
9180
6737
3534
8379
6666
7784
9216
10453
12327
9735
11084
9632
7887
6358
4861
10010
6871
8393
12619
11498
191
218
5756
6634
3317
8335
9168
11983
8113
6598
3107
5060
7056
4276
4465
6643
2408
3536
2199
4673
7113
7700
2650
7100
3538
3238
3460
160
7839
2861
2290
9085
6515
12410
1531
8057
10253
2268
212
7000
12563
4475
12043
11852
12624
2719
3546
1820
4591
8939
704
2492
7828
8826
8094
873
4006
7185
2341
10031
1073
5741
3809
11076
12392
11748
2165
11839
1315
5136
11869
5780
5007
9466
7010
10809
10465
9226
10856
1462
7030
6837
3350
10523
5250
7404
4668
4524
12722
6230
4978
5818
10243
1599
8443
6019
9369
7819
6764
840
12200
11436
9604
11016
8553
1475
1424
5360
11028
2369
3893
10045
5239
3667
5782
2048
8656
8807
10856
4248
10797
7001
7725
889
2300
3523
6447
9045
1493
114
2548
19
10044
1785
4819
2264
8142
9639
4361
7268
12407
5940
10329
9170
4442
5788
7925
7949
6102
497
10921
797
9109
28
6301
2508
8453
11807
1209
1164
12592
6022
11613
348
12148
5930
11099
11740
7342
5440
1383
8381
12559
10185
10716
7025
4527
683
1384
551
5455
8688
3084
12188
8559
4278
9616
12237
1691
3601
2504
3232
427
5831
7981
7879
5564
1027
4907
7968
755
352
6263
11643
10143
11799
4154
6428
10984
890
8255
2284
12115
5727
2723
4360
7070
789
12377
12765
3314
3700
9613
156
10456
10199
7322
12344
6464
3156
86
1744
1702
3170
9672
12697
792
1859
6832
1227
4670
8183
10494
1106
10913
6649
3597
3869
7730
10115
5618
11676
8087
1629
7728
5722
4464
9854
4184
5244
1640
6893
809
8102
7563
1711
979
7044
8753
6868
9272
5617
4381
8600
29
9143
4562
10930
6912
5079
10681
5888
6994
9558
12615
10869
9552
10487
6391
7457
7190
7510
167
4552
873
7222
1687
7625
1409
9528
7588
6204
1989
7518
4660
2349
11571
9198
4639
10034
11015
12133
9647
2556
392
10054
2316
12179
2241
6725
9575
4648
5423
12319
10434
764
10776
3524
2653
91
8675
3511
12268
12689
11693
4304
5261
3623
6113
7817
12292
2307
5926
6558
8045
12402
7038
12419
10275
7098
8463
9853
4302
4291
7788
6199
8232
4617
7157
5608
2957
745
2617
9497
2256
5626
7456
12783
7674
256
9929
5432
7143
4196
591
12115
2085
688
906
7261
9532
1377
474
8082
811
11528
815
12644
10979
11579
170
11665
12058
343
4382
725
5948
3043
8610
6333
4165
7850
886
5152
1744
9150
10887
3925
4261
11081
8050
1384
12120
12819
7092
2924
4530
11744
136
2067
8581
7469
2194
4913
4030
1861
2923
6779
6443
1942
1876
11816
4540
11264
5846
7887
8186
12558
11006
7694
4873
5603
12833
7312
8997
12216
2248
5976
11754
8745
9548
10058
11582
3285
11184
6895
2872
7113
5707
2824
4416
5188
6142
7519
2097
1020
938
2522
2735
3218
5199
11460
7937
10167
3431
3428
4916
1946
8187
4636
8957
4111
6906
7720
8653
3808
11538
6394
7640
832
6086
2612
9138
11320
7368
12061
1191
5810
9129
4699
6392
8916
4885
8136
388
1332
4470
8544
10643
45
11666
175
749
4310
7841
4810
4705
4527
3064
2769
6559
12091
9267
4305
12802
4397
9206
11498
11403
2400
2386
858
6679
7695
12593
3274
4198
10041
1914
12466
5757
221
9667
7360
10490
6431
4975
3186
6108
1149
9512
6696
7152
10691
8192
11195
10857
113
5611
1821
12242
6258
2757
4800
408
9733
8225
674
5705
8487
7626
7305
6293
5697
3353
4770
1745
8567
12149
5022
11262
2070
8563
6002
5280
1649
8096
11624
8201
12229
7217
11603
809
12648
10498
1301
6952
6310
4818
8554
3937
6542
8715
2859
4452
3600
9328
11994
4272
4862
1879
5232
4140
8955
11513
3402
5051
7413
6413
1680
5670
11704
8665
7455
5149
2644
3820
6245
5134
6988
11041
2581
5438
9293
4763
10373
7706
7262
5400
734
7405
6051
7432
11295
9587
10283
5269
27
4260
5534
275
12248
1134
950
4256
2342
4853
6471
4978
11530
10224
11470
1932
12431
135
5014
9931
1254
6656
7379
12887
656
5692
10527
12733
12215
9520
8541
3974
5168
12233
5102
4723
2164
1365
1193
7083
7347
3097
85
1203
2719
7007
5376
9174
3644
10364
3978
1089
6517
12316
2613
467
7150
10797
10028
5432
6522
4326
3672
5233
11884
6735
5798
3999
10055
1309
7368
12730
2822
4475
10865
10589
6715
3790
1777
9147
6726
2484
9132
8098
632
927
10446
2505
11104
565
11415
4987
8884
6759
4967
15
6627
882
9363
2924
2912
7025
7762
12008
10721
2806
11521
12138
4049
8125
8466
10215
6117
12851
9653
5831
7426
589
11094
8723
3753
3078
2204
9665
5027
7727
572
12877
3935
3941
2657
9754
10854
9838
1566
11487
3692
11013
5273
3445
498
7990
1378
4814
5775
11534
5937
486
12689
2108
4515
9233
5179
1377
9406
5642
10252
10730
3011
9627
3006
2265
9314
4425
2614
1861
2542
4938
8351
9593
9696
3341
3902
3475
2059
3706
4797
1694
271
6790
6219
5153
12099
10272
8499
6839
12027
5154
9063
2722
9110
8269
1503
6052
2574
1006
8877
3205
5215
1066
263
12105
3953
11640
3855
11937
7749
8505
1508
474
11628
7710
7230
1060
1092
5964
11019
11241
7482
6094
1753
3547
7723
9661
12181
5394
7036
11472
3211
5463
4959
403
3584
11761
9853
3005
12789
4131
4453
1896
8220
3128
2836
7166
7893
10139
10887
12034
8466
5417
4742
6161
67
12096
9181
6775
2690
2786
5415
5124
2611
7408
8713
4105
10273
7528
12120
5048
11976
5101
9067
10454
11146
8981
5344
7773
10027
5871
1802
7891
9530
10405
107
12056
3312
2399
9309
1873
5193
7789
2906
5641
5876
8785
7453
4702
8923
9558
11373
1362
1000
3992
5057
6918
12381
8200
3486
11099
6767
7189
2344
153
7919
11864
7720
11273
4143
6495
6909
4581
10955
2891
6905
4853
9318
12878
4863
10874
4743
147
1520
5074
2936
3203
8438
1790
7340
10210
2431
2657
8008
5256
6550
2166
12238
10336
5418
3123
8997
11529
1631
3419
1127
6763
8466
10110
1100
1188
9051
213
9666
4704
10400
1142
